           1  0.50000000000000000       -2.4999999999999467E-003
           2  0.50000000000000000       -7.4999999999999468E-003
           3  0.50000000000000000       -1.2499999999999947E-002
           4  0.50000000000000000       -1.7499999999999946E-002
           5  0.50000000000000000       -2.2499999999999947E-002
           6  0.50000000000000000       -2.7499999999999948E-002
           7  0.50000000000000000       -3.2499999999999946E-002
           8  0.50000000000000000       -3.7499999999999943E-002
           9  0.50000000000000000       -4.2499999999999941E-002
          10  0.50000000000000000       -4.7499999999999938E-002
          11  0.50000000000000000       -5.2499999999999936E-002
          12  0.50000000000000000       -5.7499999999999933E-002
          13  0.50000000000000000       -6.2499999999999931E-002
          14  0.50000000000000000       -6.7499999999999935E-002
          15  0.50000000000000000       -7.2499999999999939E-002
          16  0.50000000000000000       -7.7499999999999944E-002
          17  0.50000000000000000       -8.2499999999999948E-002
          18  0.50000000000000000       -8.7499999999999953E-002
          19  0.50000000000000000       -9.2499999999999957E-002
          20  0.50000000000000000       -9.7499999999999962E-002
          21  0.50000000000000000      -0.10249999999999997     
          22  0.50000000000000000      -0.10749999999999997     
          23  0.50000000000000000      -0.11249999999999998     
          24  0.50000000000000000      -0.11749999999999998     
          25  0.50000000000000000      -0.12249999999999998     
          26  0.50000000000000000      -0.12749999999999997     
          27  0.50000000000000000      -0.13249999999999998     
          28  0.50000000000000000      -0.13749999999999998     
          29  0.50000000000000000      -0.14249999999999999     
          30  0.50000000000000000      -0.14749999999999999     
          31  0.50000000000000000      -0.15250000000000000     
          32  0.50000000000000000      -0.15750000000000000     
          33  0.50000000000000000      -0.16250000000000001     
          34  0.50000000000000000      -0.16750000000000001     
          35  0.50000000000000000      -0.17250000000000001     
          36  0.50000000000000000      -0.17750000000000002     
          37  0.50000000000000000      -0.18250000000000002     
          38  0.50000000000000000      -0.18750000000000003     
          39  0.50000000000000000      -0.19250000000000003     
          40  0.50000000000000000      -0.19750000000000004     
          41  0.50000000000000000      -0.20250000000000004     
          42  0.50000000000000000      -0.20750000000000005     
          43  0.50000000000000000      -0.21250000000000005     
          44  0.50000000000000000      -0.21750000000000005     
          45  0.50000000000000000      -0.22250000000000006     
          46  0.50000000000000000      -0.22750000000000006     
          47  0.50000000000000000      -0.23250000000000007     
          48  0.50000000000000000      -0.23750000000000007     
          49  0.50000000000000000      -0.24250000000000008     
          50  0.50000000000000000      -0.24750000000000008     
          51  0.50000000000000000      -0.25250000000000006     
          52  0.50000000000000000      -0.25750000000000006     
          53  0.50000000000000000      -0.26250000000000007     
          54  0.50000000000000000      -0.26750000000000007     
          55  0.50000000000000000      -0.27250000000000008     
          56  0.50000000000000000      -0.27750000000000008     
          57  0.50000000000000000      -0.28250000000000008     
          58  0.50000000000000000      -0.28750000000000009     
          59  0.50000000000000000      -0.29250000000000009     
          60  0.50000000000000000      -0.29750000000000010     
          61  0.50000000000000000      -0.30250000000000010     
          62  0.50000000000000000      -0.30750000000000011     
          63  0.50000000000000000      -0.31250000000000011     
          64  0.50000000000000000      -0.31750000000000012     
          65  0.50000000000000000      -0.32250000000000012     
          66  0.50000000000000000      -0.32750000000000012     
          67  0.50000000000000000      -0.33250000000000013     
          68  0.50000000000000000      -0.33750000000000013     
          69  0.50000000000000000      -0.34250000000000014     
          70  0.50000000000000000      -0.34750000000000014     
          71  0.50000000000000000      -0.35250000000000015     
          72  0.50000000000000000      -0.35750000000000015     
          73  0.50000000000000000      -0.36250000000000016     
          74  0.50000000000000000      -0.36750000000000016     
          75  0.50000000000000000      -0.37250000000000016     
          76  0.50000000000000000      -0.37750000000000017     
          77  0.50000000000000000      -0.38250000000000017     
          78  0.50000000000000000      -0.38750000000000018     
          79  0.50000000000000000      -0.39250000000000018     
          80  0.50000000000000000      -0.39750000000000019     
          81  0.50000000000000000      -0.40250000000000019     
          82  0.50000000000000000      -0.40750000000000020     
          83  0.50000000000000000      -0.41250000000000020     
          84  0.50000000000000000      -0.41750000000000020     
          85  0.50000000000000000      -0.42250000000000021     
          86  0.50000000000000000      -0.42750000000000021     
          87  0.50000000000000000      -0.43250000000000022     
          88  0.50000000000000000      -0.43750000000000022     
          89  0.50000000000000000      -0.44250000000000023     
          90  0.50000000000000000      -0.44750000000000023     
          91  0.50000000000000000      -0.45250000000000024     
          92  0.50000000000000000      -0.45750000000000024     
          93  0.50000000000000000      -0.46250000000000024     
          94  0.50000000000000000      -0.46750000000000025     
          95  0.50000000000000000      -0.47250000000000025     
          96  0.50000000000000000      -0.47750000000000026     
          97  0.50000000000000000      -0.48250000000000026     
          98  0.50000000000000000      -0.48750000000000027     
          99  0.50000000000000000      -0.49250000000000027     
         100  0.50000000000000000      -0.49750000000000028     
         101  0.50000000000000000      -0.50250000000000028     
         102  0.50000000000000000      -0.50750000000000028     
         103  0.50000000000000000      -0.51250000000000029     
         104  0.50000000000000000      -0.51750000000000029     
         105  0.50000000000000000      -0.52250000000000030     
         106  0.50000000000000000      -0.52750000000000030     
         107  0.50000000000000000      -0.53250000000000031     
         108  0.50000000000000000      -0.53750000000000031     
         109  0.50000000000000000      -0.54250000000000032     
         110  0.50000000000000000      -0.54750000000000032     
         111  0.50000000000000000      -0.55250000000000032     
         112  0.50000000000000000      -0.55750000000000033     
         113  0.50000000000000000      -0.56250000000000033     
         114  0.50000000000000000      -0.56750000000000034     
         115  0.50000000000000000      -0.57250000000000034     
         116  0.50000000000000000      -0.57750000000000035     
         117  0.50000000000000000      -0.58250000000000035     
         118  0.50000000000000000      -0.58750000000000036     
         119  0.50000000000000000      -0.59250000000000036     
         120  0.50000000000000000      -0.59750000000000036     
         121  0.50000000000000000      -0.60250000000000037     
         122  0.50000000000000000      -0.60750000000000037     
         123  0.50000000000000000      -0.61250000000000038     
         124  0.50000000000000000      -0.61750000000000038     
         125  0.50000000000000000      -0.62250000000000039     
         126  0.50000000000000000      -0.62750000000000039     
         127  0.50000000000000000      -0.63250000000000040     
         128  0.50000000000000000      -0.63750000000000040     
         129  0.50000000000000000      -0.64250000000000040     
         130  0.50000000000000000      -0.64750000000000041     
         131  0.50000000000000000      -0.65250000000000041     
         132  0.50000000000000000      -0.65750000000000042     
         133  0.50000000000000000      -0.66250000000000042     
         134  0.50000000000000000      -0.66750000000000043     
         135  0.50000000000000000      -0.67250000000000043     
         136  0.50000000000000000      -0.67750000000000044     
         137  0.50000000000000000      -0.68250000000000044     
         138  0.50000000000000000      -0.68750000000000044     
         139  0.50000000000000000      -0.69250000000000045     
         140  0.50000000000000000      -0.69750000000000045     
         141  0.50000000000000000      -0.70250000000000046     
         142  0.50000000000000000      -0.70750000000000046     
         143  0.50000000000000000      -0.71250000000000047     
         144  0.50000000000000000      -0.71750000000000047     
         145  0.50000000000000000      -0.72250000000000048     
         146  0.50000000000000000      -0.72750000000000048     
         147  0.50000000000000000      -0.73250000000000048     
         148  0.50000000000000000      -0.73750000000000049     
         149  0.50000000000000000      -0.74250000000000049     
         150  0.50000000000000000      -0.74750000000000050     
         151  0.50000000000000000      -0.75250000000000050     
         152  0.50000000000000000      -0.75750000000000051     
         153  0.50000000000000000      -0.76250000000000051     
         154  0.50000000000000000      -0.76750000000000052     
         155  0.50000000000000000      -0.77250000000000052     
         156  0.50000000000000000      -0.77750000000000052     
         157  0.50000000000000000      -0.78250000000000053     
         158  0.50000000000000000      -0.78750000000000053     
         159  0.50000000000000000      -0.79250000000000054     
         160  0.50000000000000000      -0.79750000000000054     
         161  0.50000000000000000      -0.80250000000000055     
         162  0.50000000000000000      -0.80750000000000055     
         163  0.50000000000000000      -0.81250000000000056     
         164  0.50000000000000000      -0.81750000000000056     
         165  0.50000000000000000      -0.82250000000000056     
         166  0.50000000000000000      -0.82750000000000057     
         167  0.50000000000000000      -0.83250000000000057     
         168  0.50000000000000000      -0.83750000000000058     
         169  0.50000000000000000      -0.84250000000000058     
         170  0.50000000000000000      -0.84750000000000059     
         171  0.50000000000000000      -0.85250000000000059     
         172  0.50000000000000000      -0.85750000000000060     
         173  0.50000000000000000      -0.86250000000000060     
         174  0.50000000000000000      -0.86750000000000060     
         175  0.50000000000000000      -0.87250000000000061     
         176  0.50000000000000000      -0.87750000000000061     
         177  0.50000000000000000      -0.88250000000000062     
         178  0.50000000000000000      -0.88750000000000062     
         179  0.50000000000000000      -0.89250000000000063     
         180  0.50000000000000000      -0.89750000000000063     
         181  0.50000000000000000      -0.90250000000000064     
         182  0.50000000000000000      -0.90750000000000064     
         183  0.50000000000000000      -0.91250000000000064     
         184  0.50000000000000000      -0.91750000000000065     
         185  0.50000000000000000      -0.92250000000000065     
         186  0.50000000000000000      -0.92750000000000066     
         187  0.50000000000000000      -0.93250000000000066     
         188  0.50000000000000000      -0.93750000000000067     
         189  0.50000000000000000      -0.94250000000000067     
         190  0.50000000000000000      -0.94750000000000068     
         191  0.50000000000000000      -0.95250000000000068     
         192  0.50000000000000000      -0.95750000000000068     
         193  0.50000000000000000      -0.96250000000000069     
         194  0.50000000000000000      -0.96750000000000069     
         195  0.50000000000000000      -0.97250000000000070     
         196  0.50000000000000000      -0.97750000000000070     
         197  0.50000000000000000      -0.98250000000000071     
         198  0.50000000000000000      -0.98750000000000071     
         199  0.50000000000000000      -0.99250000000000071     
         200  0.50000000000000000      -0.99750000000000072     
         201  0.50000000000000000       -1.0025000000000006     
         202  0.50000000000000000       -1.0075000000000005     
         203  0.50000000000000000       -1.0125000000000004     
         204  0.50000000000000000       -1.0175000000000003     
         205  0.50000000000000000       -1.0225000000000002     
         206  0.50000000000000000       -1.0275000000000001     
         207  0.50000000000000000       -1.0325000000000000     
         208  0.50000000000000000       -1.0374999999999999     
         209  0.50000000000000000       -1.0424999999999998     
         210  0.50000000000000000       -1.0474999999999997     
         211  0.50000000000000000       -1.0524999999999995     
         212  0.50000000000000000       -1.0574999999999994     
         213  0.50000000000000000       -1.0624999999999993     
         214  0.50000000000000000       -1.0674999999999992     
         215  0.50000000000000000       -1.0724999999999991     
         216  0.50000000000000000       -1.0774999999999990     
         217  0.50000000000000000       -1.0824999999999989     
         218  0.50000000000000000       -1.0874999999999988     
         219  0.50000000000000000       -1.0924999999999987     
         220  0.50000000000000000       -1.0974999999999986     
         221  0.50000000000000000       -1.1024999999999985     
         222  0.50000000000000000       -1.1074999999999984     
         223  0.50000000000000000       -1.1124999999999983     
         224  0.50000000000000000       -1.1174999999999982     
         225  0.50000000000000000       -1.1224999999999981     
         226  0.50000000000000000       -1.1274999999999979     
         227  0.50000000000000000       -1.1324999999999978     
         228  0.50000000000000000       -1.1374999999999977     
         229  0.50000000000000000       -1.1424999999999976     
         230  0.50000000000000000       -1.1474999999999975     
         231  0.50000000000000000       -1.1524999999999974     
         232  0.50000000000000000       -1.1574999999999973     
         233  0.50000000000000000       -1.1624999999999972     
         234  0.50000000000000000       -1.1674999999999971     
         235  0.50000000000000000       -1.1724999999999970     
         236  0.50000000000000000       -1.1774999999999969     
         237  0.50000000000000000       -1.1824999999999968     
         238  0.50000000000000000       -1.1874999999999967     
         239  0.50000000000000000       -1.1924999999999966     
         240  0.50000000000000000       -1.1974999999999965     
         241  0.50000000000000000       -1.2024999999999963     
         242  0.50000000000000000       -1.2074999999999962     
         243  0.50000000000000000       -1.2124999999999961     
         244  0.50000000000000000       -1.2174999999999960     
         245  0.50000000000000000       -1.2224999999999959     
         246  0.50000000000000000       -1.2274999999999958     
         247  0.50000000000000000       -1.2324999999999957     
         248  0.50000000000000000       -1.2374999999999956     
         249  0.50000000000000000       -1.2424999999999955     
         250  0.50000000000000000       -1.2474999999999954     
         251  0.50000000000000000       -1.2524999999999953     
         252  0.50000000000000000       -1.2574999999999952     
         253  0.50000000000000000       -1.2624999999999951     
         254  0.50000000000000000       -1.2674999999999950     
         255  0.50000000000000000       -1.2724999999999949     
         256  0.50000000000000000       -1.2774999999999948     
         257  0.50000000000000000       -1.2824999999999946     
         258  0.50000000000000000       -1.2874999999999945     
         259  0.50000000000000000       -1.2924999999999944     
         260  0.50000000000000000       -1.2974999999999943     
         261  0.50000000000000000       -1.3024999999999942     
         262  0.50000000000000000       -1.3074999999999941     
         263  0.50000000000000000       -1.3124999999999940     
         264  0.50000000000000000       -1.3174999999999939     
         265  0.50000000000000000       -1.3224999999999938     
         266  0.50000000000000000       -1.3274999999999937     
         267  0.50000000000000000       -1.3324999999999936     
         268  0.50000000000000000       -1.3374999999999935     
         269  0.50000000000000000       -1.3424999999999934     
         270  0.50000000000000000       -1.3474999999999933     
         271  0.50000000000000000       -1.3524999999999932     
         272  0.50000000000000000       -1.3574999999999930     
         273  0.50000000000000000       -1.3624999999999929     
         274  0.50000000000000000       -1.3674999999999928     
         275  0.50000000000000000       -1.3724999999999927     
         276  0.50000000000000000       -1.3774999999999926     
         277  0.50000000000000000       -1.3824999999999925     
         278  0.50000000000000000       -1.3874999999999924     
         279  0.50000000000000000       -1.3924999999999923     
         280  0.50000000000000000       -1.3974999999999922     
         281  0.50000000000000000       -1.4024999999999921     
         282  0.50000000000000000       -1.4074999999999920     
         283  0.50000000000000000       -1.4124999999999919     
         284  0.50000000000000000       -1.4174999999999918     
         285  0.50000000000000000       -1.4224999999999917     
         286  0.50000000000000000       -1.4274999999999916     
         287  0.50000000000000000       -1.4324999999999914     
         288  0.50000000000000000       -1.4374999999999913     
         289  0.50000000000000000       -1.4424999999999912     
         290  0.50000000000000000       -1.4474999999999911     
         291  0.50000000000000000       -1.4524999999999910     
         292  0.50000000000000000       -1.4574999999999909     
         293  0.50000000000000000       -1.4624999999999908     
         294  0.50000000000000000       -1.4674999999999907     
         295  0.50000000000000000       -1.4724999999999906     
         296  0.50000000000000000       -1.4774999999999905     
         297  0.50000000000000000       -1.4824999999999904     
         298  0.50000000000000000       -1.4874999999999903     
         299  0.50000000000000000       -1.4924999999999902     
         300  0.50000000000000000       -1.4974999999999901     
         301  0.50000000000000000       -1.5024999999999900     
         302  0.50000000000000000       -1.5074999999999898     
         303  0.50000000000000000       -1.5124999999999897     
         304  0.50000000000000000       -1.5174999999999896     
         305  0.50000000000000000       -1.5224999999999895     
         306  0.50000000000000000       -1.5274999999999894     
         307  0.50000000000000000       -1.5324999999999893     
         308  0.50000000000000000       -1.5374999999999892     
         309  0.50000000000000000       -1.5424999999999891     
         310  0.50000000000000000       -1.5474999999999890     
         311  0.50000000000000000       -1.5524999999999889     
         312  0.50000000000000000       -1.5574999999999888     
         313  0.50000000000000000       -1.5624999999999887     
         314  0.50000000000000000       -1.5674999999999886     
         315  0.50000000000000000       -1.5724999999999885     
         316  0.50000000000000000       -1.5774999999999884     
         317  0.50000000000000000       -1.5824999999999882     
         318  0.50000000000000000       -1.5874999999999881     
         319  0.50000000000000000       -1.5924999999999880     
         320  0.50000000000000000       -1.5974999999999879     
         321  0.50000000000000000       -1.6024999999999878     
         322  0.50000000000000000       -1.6074999999999877     
         323  0.50000000000000000       -1.6124999999999876     
         324  0.50000000000000000       -1.6174999999999875     
         325  0.50000000000000000       -1.6224999999999874     
         326  0.50000000000000000       -1.6274999999999873     
         327  0.50000000000000000       -1.6324999999999872     
         328  0.50000000000000000       -1.6374999999999871     
         329  0.50000000000000000       -1.6424999999999870     
         330  0.50000000000000000       -1.6474999999999869     
         331  0.50000000000000000       -1.6524999999999868     
         332  0.50000000000000000       -1.6574999999999867     
         333  0.50000000000000000       -1.6624999999999865     
         334  0.50000000000000000       -1.6674999999999864     
         335  0.50000000000000000       -1.6724999999999863     
         336  0.50000000000000000       -1.6774999999999862     
         337  0.50000000000000000       -1.6824999999999861     
         338  0.50000000000000000       -1.6874999999999860     
         339  0.50000000000000000       -1.6924999999999859     
         340  0.50000000000000000       -1.6974999999999858     
         341  0.50000000000000000       -1.7024999999999857     
         342  0.50000000000000000       -1.7074999999999856     
         343  0.50000000000000000       -1.7124999999999855     
         344  0.50000000000000000       -1.7174999999999854     
         345  0.50000000000000000       -1.7224999999999853     
         346  0.50000000000000000       -1.7274999999999852     
         347  0.50000000000000000       -1.7324999999999851     
         348  0.50000000000000000       -1.7374999999999849     
         349  0.50000000000000000       -1.7424999999999848     
         350  0.50000000000000000       -1.7474999999999847     
         351  0.50000000000000000       -1.7524999999999846     
         352  0.50000000000000000       -1.7574999999999845     
         353  0.50000000000000000       -1.7624999999999844     
         354  0.50000000000000000       -1.7674999999999843     
         355  0.50000000000000000       -1.7724999999999842     
         356  0.50000000000000000       -1.7774999999999841     
         357  0.50000000000000000       -1.7824999999999840     
         358  0.50000000000000000       -1.7874999999999839     
         359  0.50000000000000000       -1.7924999999999838     
         360  0.50000000000000000       -1.7974999999999837     
         361  0.50000000000000000       -1.8024999999999836     
         362  0.50000000000000000       -1.8074999999999835     
         363  0.50000000000000000       -1.8124999999999833     
         364  0.50000000000000000       -1.8174999999999832     
         365  0.50000000000000000       -1.8224999999999831     
         366  0.50000000000000000       -1.8274999999999830     
         367  0.50000000000000000       -1.8324999999999829     
         368  0.50000000000000000       -1.8374999999999828     
         369  0.50000000000000000       -1.8424999999999827     
         370  0.50000000000000000       -1.8474999999999826     
         371  0.50000000000000000       -1.8524999999999825     
         372  0.50000000000000000       -1.8574999999999824     
         373  0.50000000000000000       -1.8624999999999823     
         374  0.50000000000000000       -1.8674999999999822     
         375  0.50000000000000000       -1.8724999999999821     
         376  0.50000000000000000       -1.8774999999999820     
         377  0.50000000000000000       -1.8824999999999819     
         378  0.50000000000000000       -1.8874999999999817     
         379  0.50000000000000000       -1.8924999999999816     
         380  0.50000000000000000       -1.8974999999999815     
         381  0.50000000000000000       -1.9024999999999814     
         382  0.50000000000000000       -1.9074999999999813     
         383  0.50000000000000000       -1.9124999999999812     
         384  0.50000000000000000       -1.9174999999999811     
         385  0.50000000000000000       -1.9224999999999810     
         386  0.50000000000000000       -1.9274999999999809     
         387  0.50000000000000000       -1.9324999999999808     
         388  0.50000000000000000       -1.9374999999999807     
         389  0.50000000000000000       -1.9424999999999806     
         390  0.50000000000000000       -1.9474999999999805     
         391  0.50000000000000000       -1.9524999999999804     
         392  0.50000000000000000       -1.9574999999999803     
         393  0.50000000000000000       -1.9624999999999801     
         394  0.50000000000000000       -1.9674999999999800     
         395  0.50000000000000000       -1.9724999999999799     
         396  0.50000000000000000       -1.9774999999999798     
         397  0.50000000000000000       -1.9824999999999797     
         398  0.50000000000000000       -1.9874999999999796     
         399  0.50000000000000000       -1.9924999999999795     
         400  0.50000000000000000       -1.9974999999999794     
         401  0.50000000000000000       -2.0024999999999795     
         402  0.50000000000000000       -2.0074999999999794     
         403  0.50000000000000000       -2.0124999999999793     
         404  0.50000000000000000       -2.0174999999999792     
         405  0.50000000000000000       -2.0224999999999791     
         406  0.50000000000000000       -2.0274999999999790     
         407  0.50000000000000000       -2.0324999999999789     
         408  0.50000000000000000       -2.0374999999999788     
         409  0.50000000000000000       -2.0424999999999787     
         410  0.50000000000000000       -2.0474999999999786     
         411  0.50000000000000000       -2.0524999999999785     
         412  0.50000000000000000       -2.0574999999999783     
         413  0.50000000000000000       -2.0624999999999782     
         414  0.50000000000000000       -2.0674999999999781     
         415  0.50000000000000000       -2.0724999999999780     
         416  0.50000000000000000       -2.0774999999999779     
         417  0.50000000000000000       -2.0824999999999778     
         418  0.50000000000000000       -2.0874999999999777     
         419  0.50000000000000000       -2.0924999999999776     
         420  0.50000000000000000       -2.0974999999999775     
         421  0.50000000000000000       -2.1024999999999774     
         422  0.50000000000000000       -2.1074999999999773     
         423  0.50000000000000000       -2.1124999999999772     
         424  0.50000000000000000       -2.1174999999999771     
         425  0.50000000000000000       -2.1224999999999770     
         426  0.50000000000000000       -2.1274999999999769     
         427  0.50000000000000000       -2.1324999999999767     
         428  0.50000000000000000       -2.1374999999999766     
         429  0.50000000000000000       -2.1424999999999765     
         430  0.50000000000000000       -2.1474999999999764     
         431  0.50000000000000000       -2.1524999999999763     
         432  0.50000000000000000       -2.1574999999999762     
         433  0.50000000000000000       -2.1624999999999761     
         434  0.50000000000000000       -2.1674999999999760     
         435  0.50000000000000000       -2.1724999999999759     
         436  0.50000000000000000       -2.1774999999999758     
         437  0.50000000000000000       -2.1824999999999757     
         438  0.50000000000000000       -2.1874999999999756     
         439  0.50000000000000000       -2.1924999999999755     
         440  0.50000000000000000       -2.1974999999999754     
         441  0.50000000000000000       -2.2024999999999753     
         442  0.50000000000000000       -2.2074999999999751     
         443  0.50000000000000000       -2.2124999999999750     
         444  0.50000000000000000       -2.2174999999999749     
         445  0.50000000000000000       -2.2224999999999748     
         446  0.50000000000000000       -2.2274999999999747     
         447  0.50000000000000000       -2.2324999999999746     
         448  0.50000000000000000       -2.2374999999999745     
         449  0.50000000000000000       -2.2424999999999744     
         450  0.50000000000000000       -2.2474999999999743     
         451  0.50000000000000000       -2.2524999999999742     
         452  0.50000000000000000       -2.2574999999999741     
         453  0.50000000000000000       -2.2624999999999740     
         454  0.50000000000000000       -2.2674999999999739     
         455  0.50000000000000000       -2.2724999999999738     
         456  0.50000000000000000       -2.2774999999999737     
         457  0.50000000000000000       -2.2824999999999736     
         458  0.50000000000000000       -2.2874999999999734     
         459  0.50000000000000000       -2.2924999999999733     
         460  0.50000000000000000       -2.2974999999999732     
         461  0.50000000000000000       -2.3024999999999731     
         462  0.50000000000000000       -2.3074999999999730     
         463  0.50000000000000000       -2.3124999999999729     
         464  0.50000000000000000       -2.3174999999999728     
         465  0.50000000000000000       -2.3224999999999727     
         466  0.50000000000000000       -2.3274999999999726     
         467  0.50000000000000000       -2.3324999999999725     
         468  0.50000000000000000       -2.3374999999999724     
         469  0.50000000000000000       -2.3424999999999723     
         470  0.50000000000000000       -2.3474999999999722     
         471  0.50000000000000000       -2.3524999999999721     
         472  0.50000000000000000       -2.3574999999999720     
         473  0.50000000000000000       -2.3624999999999718     
         474  0.50000000000000000       -2.3674999999999717     
         475  0.50000000000000000       -2.3724999999999716     
         476  0.50000000000000000       -2.3774999999999715     
         477  0.50000000000000000       -2.3824999999999714     
         478  0.50000000000000000       -2.3874999999999713     
         479  0.50000000000000000       -2.3924999999999712     
         480  0.50000000000000000       -2.3974999999999711     
         481  0.50000000000000000       -2.4024999999999710     
         482  0.50000000000000000       -2.4074999999999709     
         483  0.50000000000000000       -2.4124999999999708     
         484  0.50000000000000000       -2.4174999999999707     
         485  0.50000000000000000       -2.4224999999999706     
         486  0.50000000000000000       -2.4274999999999705     
         487  0.50000000000000000       -2.4324999999999704     
         488  0.50000000000000000       -2.4374999999999702     
         489  0.50000000000000000       -2.4424999999999701     
         490  0.50000000000000000       -2.4474999999999700     
         491  0.50000000000000000       -2.4524999999999699     
         492  0.50000000000000000       -2.4574999999999698     
         493  0.50000000000000000       -2.4624999999999697     
         494  0.50000000000000000       -2.4674999999999696     
         495  0.50000000000000000       -2.4724999999999695     
         496  0.50000000000000000       -2.4774999999999694     
         497  0.50000000000000000       -2.4824999999999693     
         498  0.50000000000000000       -2.4874999999999692     
         499  0.50000000000000000       -2.4924999999999691     
         500  0.50000000000000000       -2.4974999999999690     
         501  0.50000000000000000       -2.5024999999999689     
         502  0.50000000000000000       -2.5074999999999688     
         503  0.50000000000000000       -2.5124999999999686     
         504  0.50000000000000000       -2.5174999999999685     
         505  0.50000000000000000       -2.5224999999999684     
         506  0.50000000000000000       -2.5274999999999683     
         507  0.50000000000000000       -2.5324999999999682     
         508  0.50000000000000000       -2.5374999999999681     
         509  0.50000000000000000       -2.5424999999999680     
         510  0.50000000000000000       -2.5474999999999679     
         511  0.50000000000000000       -2.5524999999999678     
         512  0.50000000000000000       -2.5574999999999677     
         513  0.50000000000000000       -2.5624999999999676     
         514  0.50000000000000000       -2.5674999999999675     
         515  0.50000000000000000       -2.5724999999999674     
         516  0.50000000000000000       -2.5774999999999673     
         517  0.50000000000000000       -2.5824999999999672     
         518  0.50000000000000000       -2.5874999999999670     
         519  0.50000000000000000       -2.5924999999999669     
         520  0.50000000000000000       -2.5974999999999668     
         521  0.50000000000000000       -2.6024999999999667     
         522  0.50000000000000000       -2.6074999999999666     
         523  0.50000000000000000       -2.6124999999999665     
         524  0.50000000000000000       -2.6174999999999664     
         525  0.50000000000000000       -2.6224999999999663     
         526  0.50000000000000000       -2.6274999999999662     
         527  0.50000000000000000       -2.6324999999999661     
         528  0.50000000000000000       -2.6374999999999660     
         529  0.50000000000000000       -2.6424999999999659     
         530  0.50000000000000000       -2.6474999999999658     
         531  0.50000000000000000       -2.6524999999999657     
         532  0.50000000000000000       -2.6574999999999656     
         533  0.50000000000000000       -2.6624999999999654     
         534  0.50000000000000000       -2.6674999999999653     
         535  0.50000000000000000       -2.6724999999999652     
         536  0.50000000000000000       -2.6774999999999651     
         537  0.50000000000000000       -2.6824999999999650     
         538  0.50000000000000000       -2.6874999999999649     
         539  0.50000000000000000       -2.6924999999999648     
         540  0.50000000000000000       -2.6974999999999647     
         541  0.50000000000000000       -2.7024999999999646     
         542  0.50000000000000000       -2.7074999999999645     
         543  0.50000000000000000       -2.7124999999999644     
         544  0.50000000000000000       -2.7174999999999643     
         545  0.50000000000000000       -2.7224999999999642     
         546  0.50000000000000000       -2.7274999999999641     
         547  0.50000000000000000       -2.7324999999999640     
         548  0.50000000000000000       -2.7374999999999639     
         549  0.50000000000000000       -2.7424999999999637     
         550  0.50000000000000000       -2.7474999999999636     
         551  0.50000000000000000       -2.7524999999999635     
         552  0.50000000000000000       -2.7574999999999634     
         553  0.50000000000000000       -2.7624999999999633     
         554  0.50000000000000000       -2.7674999999999632     
         555  0.50000000000000000       -2.7724999999999631     
         556  0.50000000000000000       -2.7774999999999630     
         557  0.50000000000000000       -2.7824999999999629     
         558  0.50000000000000000       -2.7874999999999628     
         559  0.50000000000000000       -2.7924999999999627     
         560  0.50000000000000000       -2.7974999999999626     
         561  0.50000000000000000       -2.8024999999999625     
         562  0.50000000000000000       -2.8074999999999624     
         563  0.50000000000000000       -2.8124999999999623     
         564  0.50000000000000000       -2.8174999999999621     
         565  0.50000000000000000       -2.8224999999999620     
         566  0.50000000000000000       -2.8274999999999619     
         567  0.50000000000000000       -2.8324999999999618     
         568  0.50000000000000000       -2.8374999999999617     
         569  0.50000000000000000       -2.8424999999999616     
         570  0.50000000000000000       -2.8474999999999615     
         571  0.50000000000000000       -2.8524999999999614     
         572  0.50000000000000000       -2.8574999999999613     
         573  0.50000000000000000       -2.8624999999999612     
         574  0.50000000000000000       -2.8674999999999611     
         575  0.50000000000000000       -2.8724999999999610     
         576  0.50000000000000000       -2.8774999999999609     
         577  0.50000000000000000       -2.8824999999999608     
         578  0.50000000000000000       -2.8874999999999607     
         579  0.50000000000000000       -2.8924999999999605     
         580  0.50000000000000000       -2.8974999999999604     
         581  0.50000000000000000       -2.9024999999999603     
         582  0.50000000000000000       -2.9074999999999602     
         583  0.50000000000000000       -2.9124999999999601     
         584  0.50000000000000000       -2.9174999999999600     
         585  0.50000000000000000       -2.9224999999999599     
         586  0.50000000000000000       -2.9274999999999598     
         587  0.50000000000000000       -2.9324999999999597     
         588  0.50000000000000000       -2.9374999999999596     
         589  0.50000000000000000       -2.9424999999999595     
         590  0.50000000000000000       -2.9474999999999594     
         591  0.50000000000000000       -2.9524999999999593     
         592  0.50000000000000000       -2.9574999999999592     
         593  0.50000000000000000       -2.9624999999999591     
         594  0.50000000000000000       -2.9674999999999589     
         595  0.50000000000000000       -2.9724999999999588     
         596  0.50000000000000000       -2.9774999999999587     
         597  0.50000000000000000       -2.9824999999999586     
         598  0.50000000000000000       -2.9874999999999585     
         599  0.50000000000000000       -2.9924999999999584     
         600  0.50000000000000000       -2.9974999999999583     
