         -99         -99         -99           2
         -99         -99           1           3
         -99         -99           2           4
         -99         -99           3           5
         -99         -99           4           6
         -99         -99           5           7
         -99         -99           6           8
         -99         -99           7           9
         -99         -99           8          10
         -99         -99           9          11
         -99         -99          10          12
         -99         -99          11          13
         -99         -99          12          14
         -99         -99          13          15
         -99         -99          14          16
         -99         -99          15          17
         -99         -99          16          18
         -99         -99          17          19
         -99         -99          18          20
         -99         -99          19          21
         -99         -99          20          22
         -99         -99          21          23
         -99         -99          22          24
         -99         -99          23          25
         -99         -99          24          26
         -99         -99          25          27
         -99         -99          26          28
         -99         -99          27          29
         -99         -99          28          30
         -99         -99          29          31
         -99         -99          30          32
         -99         -99          31          33
         -99         -99          32          34
         -99         -99          33          35
         -99         -99          34          36
         -99         -99          35          37
         -99         -99          36          38
         -99         -99          37          39
         -99         -99          38          40
         -99         -99          39          41
         -99         -99          40          42
         -99         -99          41          43
         -99         -99          42          44
         -99         -99          43          45
         -99         -99          44          46
         -99         -99          45          47
         -99         -99          46          48
         -99         -99          47          49
         -99         -99          48          50
         -99         -99          49          51
         -99         -99          50          52
         -99         -99          51          53
         -99         -99          52          54
         -99         -99          53          55
         -99         -99          54          56
         -99         -99          55          57
         -99         -99          56          58
         -99         -99          57          59
         -99         -99          58          60
         -99         -99          59          61
         -99         -99          60          62
         -99         -99          61          63
         -99         -99          62          64
         -99         -99          63          65
         -99         -99          64          66
         -99         -99          65          67
         -99         -99          66          68
         -99         -99          67          69
         -99         -99          68          70
         -99         -99          69          71
         -99         -99          70          72
         -99         -99          71          73
         -99         -99          72          74
         -99         -99          73          75
         -99         -99          74          76
         -99         -99          75          77
         -99         -99          76          78
         -99         -99          77          79
         -99         -99          78          80
         -99         -99          79          81
         -99         -99          80          82
         -99         -99          81          83
         -99         -99          82          84
         -99         -99          83          85
         -99         -99          84          86
         -99         -99          85          87
         -99         -99          86          88
         -99         -99          87          89
         -99         -99          88          90
         -99         -99          89          91
         -99         -99          90          92
         -99         -99          91          93
         -99         -99          92          94
         -99         -99          93          95
         -99         -99          94          96
         -99         -99          95          97
         -99         -99          96          98
         -99         -99          97          99
         -99         -99          98         100
         -99         -99          99         101
         -99         -99         100         102
         -99         -99         101         103
         -99         -99         102         104
         -99         -99         103         105
         -99         -99         104         106
         -99         -99         105         107
         -99         -99         106         108
         -99         -99         107         109
         -99         -99         108         110
         -99         -99         109         111
         -99         -99         110         112
         -99         -99         111         113
         -99         -99         112         114
         -99         -99         113         115
         -99         -99         114         116
         -99         -99         115         117
         -99         -99         116         118
         -99         -99         117         119
         -99         -99         118         120
         -99         -99         119         121
         -99         -99         120         122
         -99         -99         121         123
         -99         -99         122         124
         -99         -99         123         125
         -99         -99         124         126
         -99         -99         125         127
         -99         -99         126         128
         -99         -99         127         129
         -99         -99         128         130
         -99         -99         129         131
         -99         -99         130         132
         -99         -99         131         133
         -99         -99         132         134
         -99         -99         133         135
         -99         -99         134         136
         -99         -99         135         137
         -99         -99         136         138
         -99         -99         137         139
         -99         -99         138         140
         -99         -99         139         141
         -99         -99         140         142
         -99         -99         141         143
         -99         -99         142         144
         -99         -99         143         145
         -99         -99         144         146
         -99         -99         145         147
         -99         -99         146         148
         -99         -99         147         149
         -99         -99         148         150
         -99         -99         149         151
         -99         -99         150         152
         -99         -99         151         153
         -99         -99         152         154
         -99         -99         153         155
         -99         -99         154         156
         -99         -99         155         157
         -99         -99         156         158
         -99         -99         157         159
         -99         -99         158         160
         -99         -99         159         161
         -99         -99         160         162
         -99         -99         161         163
         -99         -99         162         164
         -99         -99         163         165
         -99         -99         164         166
         -99         -99         165         167
         -99         -99         166         168
         -99         -99         167         169
         -99         -99         168         170
         -99         -99         169         171
         -99         -99         170         172
         -99         -99         171         173
         -99         -99         172         174
         -99         -99         173         175
         -99         -99         174         176
         -99         -99         175         177
         -99         -99         176         178
         -99         -99         177         179
         -99         -99         178         180
         -99         -99         179         181
         -99         -99         180         182
         -99         -99         181         183
         -99         -99         182         184
         -99         -99         183         185
         -99         -99         184         186
         -99         -99         185         187
         -99         -99         186         188
         -99         -99         187         189
         -99         -99         188         190
         -99         -99         189         191
         -99         -99         190         192
         -99         -99         191         193
         -99         -99         192         194
         -99         -99         193         195
         -99         -99         194         196
         -99         -99         195         197
         -99         -99         196         198
         -99         -99         197         199
         -99         -99         198         200
         -99         -99         199         201
         -99         -99         200         202
         -99         -99         201         203
         -99         -99         202         204
         -99         -99         203         205
         -99         -99         204         206
         -99         -99         205         207
         -99         -99         206         208
         -99         -99         207         209
         -99         -99         208         210
         -99         -99         209         211
         -99         -99         210         212
         -99         -99         211         213
         -99         -99         212         214
         -99         -99         213         215
         -99         -99         214         216
         -99         -99         215         217
         -99         -99         216         218
         -99         -99         217         219
         -99         -99         218         220
         -99         -99         219         221
         -99         -99         220         222
         -99         -99         221         223
         -99         -99         222         224
         -99         -99         223         225
         -99         -99         224         226
         -99         -99         225         227
         -99         -99         226         228
         -99         -99         227         229
         -99         -99         228         230
         -99         -99         229         231
         -99         -99         230         232
         -99         -99         231         233
         -99         -99         232         234
         -99         -99         233         235
         -99         -99         234         236
         -99         -99         235         237
         -99         -99         236         238
         -99         -99         237         239
         -99         -99         238         240
         -99         -99         239         241
         -99         -99         240         242
         -99         -99         241         243
         -99         -99         242         244
         -99         -99         243         245
         -99         -99         244         246
         -99         -99         245         247
         -99         -99         246         248
         -99         -99         247         249
         -99         -99         248         250
         -99         -99         249         251
         -99         -99         250         252
         -99         -99         251         253
         -99         -99         252         254
         -99         -99         253         255
         -99         -99         254         256
         -99         -99         255         257
         -99         -99         256         258
         -99         -99         257         259
         -99         -99         258         260
         -99         -99         259         261
         -99         -99         260         262
         -99         -99         261         263
         -99         -99         262         264
         -99         -99         263         265
         -99         -99         264         266
         -99         -99         265         267
         -99         -99         266         268
         -99         -99         267         269
         -99         -99         268         270
         -99         -99         269         271
         -99         -99         270         272
         -99         -99         271         273
         -99         -99         272         274
         -99         -99         273         275
         -99         -99         274         276
         -99         -99         275         277
         -99         -99         276         278
         -99         -99         277         279
         -99         -99         278         280
         -99         -99         279         281
         -99         -99         280         282
         -99         -99         281         283
         -99         -99         282         284
         -99         -99         283         285
         -99         -99         284         286
         -99         -99         285         287
         -99         -99         286         288
         -99         -99         287         289
         -99         -99         288         290
         -99         -99         289         291
         -99         -99         290         292
         -99         -99         291         293
         -99         -99         292         294
         -99         -99         293         295
         -99         -99         294         296
         -99         -99         295         297
         -99         -99         296         298
         -99         -99         297         299
         -99         -99         298         300
         -99         -99         299         301
         -99         -99         300         302
         -99         -99         301         303
         -99         -99         302         304
         -99         -99         303         305
         -99         -99         304         306
         -99         -99         305         307
         -99         -99         306         308
         -99         -99         307         309
         -99         -99         308         310
         -99         -99         309         311
         -99         -99         310         312
         -99         -99         311         313
         -99         -99         312         314
         -99         -99         313         315
         -99         -99         314         316
         -99         -99         315         317
         -99         -99         316         318
         -99         -99         317         319
         -99         -99         318         320
         -99         -99         319         321
         -99         -99         320         322
         -99         -99         321         323
         -99         -99         322         324
         -99         -99         323         325
         -99         -99         324         326
         -99         -99         325         327
         -99         -99         326         328
         -99         -99         327         329
         -99         -99         328         330
         -99         -99         329         331
         -99         -99         330         332
         -99         -99         331         333
         -99         -99         332         334
         -99         -99         333         335
         -99         -99         334         336
         -99         -99         335         337
         -99         -99         336         338
         -99         -99         337         339
         -99         -99         338         340
         -99         -99         339         341
         -99         -99         340         342
         -99         -99         341         343
         -99         -99         342         344
         -99         -99         343         345
         -99         -99         344         346
         -99         -99         345         347
         -99         -99         346         348
         -99         -99         347         349
         -99         -99         348         350
         -99         -99         349         351
         -99         -99         350         352
         -99         -99         351         353
         -99         -99         352         354
         -99         -99         353         355
         -99         -99         354         356
         -99         -99         355         357
         -99         -99         356         358
         -99         -99         357         359
         -99         -99         358         360
         -99         -99         359         361
         -99         -99         360         362
         -99         -99         361         363
         -99         -99         362         364
         -99         -99         363         365
         -99         -99         364         366
         -99         -99         365         367
         -99         -99         366         368
         -99         -99         367         369
         -99         -99         368         370
         -99         -99         369         371
         -99         -99         370         372
         -99         -99         371         373
         -99         -99         372         374
         -99         -99         373         375
         -99         -99         374         376
         -99         -99         375         377
         -99         -99         376         378
         -99         -99         377         379
         -99         -99         378         380
         -99         -99         379         381
         -99         -99         380         382
         -99         -99         381         383
         -99         -99         382         384
         -99         -99         383         385
         -99         -99         384         386
         -99         -99         385         387
         -99         -99         386         388
         -99         -99         387         389
         -99         -99         388         390
         -99         -99         389         391
         -99         -99         390         392
         -99         -99         391         393
         -99         -99         392         394
         -99         -99         393         395
         -99         -99         394         396
         -99         -99         395         397
         -99         -99         396         398
         -99         -99         397         399
         -99         -99         398         400
         -99         -99         399         401
         -99         -99         400         402
         -99         -99         401         403
         -99         -99         402         404
         -99         -99         403         405
         -99         -99         404         406
         -99         -99         405         407
         -99         -99         406         408
         -99         -99         407         409
         -99         -99         408         410
         -99         -99         409         411
         -99         -99         410         412
         -99         -99         411         413
         -99         -99         412         414
         -99         -99         413         415
         -99         -99         414         416
         -99         -99         415         417
         -99         -99         416         418
         -99         -99         417         419
         -99         -99         418         420
         -99         -99         419         421
         -99         -99         420         422
         -99         -99         421         423
         -99         -99         422         424
         -99         -99         423         425
         -99         -99         424         426
         -99         -99         425         427
         -99         -99         426         428
         -99         -99         427         429
         -99         -99         428         430
         -99         -99         429         431
         -99         -99         430         432
         -99         -99         431         433
         -99         -99         432         434
         -99         -99         433         435
         -99         -99         434         436
         -99         -99         435         437
         -99         -99         436         438
         -99         -99         437         439
         -99         -99         438         440
         -99         -99         439         441
         -99         -99         440         442
         -99         -99         441         443
         -99         -99         442         444
         -99         -99         443         445
         -99         -99         444         446
         -99         -99         445         447
         -99         -99         446         448
         -99         -99         447         449
         -99         -99         448         450
         -99         -99         449         451
         -99         -99         450         452
         -99         -99         451         453
         -99         -99         452         454
         -99         -99         453         455
         -99         -99         454         456
         -99         -99         455         457
         -99         -99         456         458
         -99         -99         457         459
         -99         -99         458         460
         -99         -99         459         461
         -99         -99         460         462
         -99         -99         461         463
         -99         -99         462         464
         -99         -99         463         465
         -99         -99         464         466
         -99         -99         465         467
         -99         -99         466         468
         -99         -99         467         469
         -99         -99         468         470
         -99         -99         469         471
         -99         -99         470         472
         -99         -99         471         473
         -99         -99         472         474
         -99         -99         473         475
         -99         -99         474         476
         -99         -99         475         477
         -99         -99         476         478
         -99         -99         477         479
         -99         -99         478         480
         -99         -99         479         481
         -99         -99         480         482
         -99         -99         481         483
         -99         -99         482         484
         -99         -99         483         485
         -99         -99         484         486
         -99         -99         485         487
         -99         -99         486         488
         -99         -99         487         489
         -99         -99         488         490
         -99         -99         489         491
         -99         -99         490         492
         -99         -99         491         493
         -99         -99         492         494
         -99         -99         493         495
         -99         -99         494         496
         -99         -99         495         497
         -99         -99         496         498
         -99         -99         497         499
         -99         -99         498         500
         -99         -99         499         501
         -99         -99         500         502
         -99         -99         501         503
         -99         -99         502         504
         -99         -99         503         505
         -99         -99         504         506
         -99         -99         505         507
         -99         -99         506         508
         -99         -99         507         509
         -99         -99         508         510
         -99         -99         509         511
         -99         -99         510         512
         -99         -99         511         513
         -99         -99         512         514
         -99         -99         513         515
         -99         -99         514         516
         -99         -99         515         517
         -99         -99         516         518
         -99         -99         517         519
         -99         -99         518         520
         -99         -99         519         521
         -99         -99         520         522
         -99         -99         521         523
         -99         -99         522         524
         -99         -99         523         525
         -99         -99         524         526
         -99         -99         525         527
         -99         -99         526         528
         -99         -99         527         529
         -99         -99         528         530
         -99         -99         529         531
         -99         -99         530         532
         -99         -99         531         533
         -99         -99         532         534
         -99         -99         533         535
         -99         -99         534         536
         -99         -99         535         537
         -99         -99         536         538
         -99         -99         537         539
         -99         -99         538         540
         -99         -99         539         541
         -99         -99         540         542
         -99         -99         541         543
         -99         -99         542         544
         -99         -99         543         545
         -99         -99         544         546
         -99         -99         545         547
         -99         -99         546         548
         -99         -99         547         549
         -99         -99         548         550
         -99         -99         549         551
         -99         -99         550         552
         -99         -99         551         553
         -99         -99         552         554
         -99         -99         553         555
         -99         -99         554         556
         -99         -99         555         557
         -99         -99         556         558
         -99         -99         557         559
         -99         -99         558         560
         -99         -99         559         561
         -99         -99         560         562
         -99         -99         561         563
         -99         -99         562         564
         -99         -99         563         565
         -99         -99         564         566
         -99         -99         565         567
         -99         -99         566         568
         -99         -99         567         569
         -99         -99         568         570
         -99         -99         569         571
         -99         -99         570         572
         -99         -99         571         573
         -99         -99         572         574
         -99         -99         573         575
         -99         -99         574         576
         -99         -99         575         577
         -99         -99         576         578
         -99         -99         577         579
         -99         -99         578         580
         -99         -99         579         581
         -99         -99         580         582
         -99         -99         581         583
         -99         -99         582         584
         -99         -99         583         585
         -99         -99         584         586
         -99         -99         585         587
         -99         -99         586         588
         -99         -99         587         589
         -99         -99         588         590
         -99         -99         589         591
         -99         -99         590         592
         -99         -99         591         593
         -99         -99         592         594
         -99         -99         593         595
         -99         -99         594         596
         -99         -99         595         597
         -99         -99         596         598
         -99         -99         597         599
         -99         -99         598         600
         -99         -99         599         -99
