6.45874940E-01
6.45551921E-01
6.45228903E-01
6.44905885E-01
6.44582867E-01
6.44259849E-01
6.43936830E-01
6.43613812E-01
6.43290794E-01
6.42967776E-01
6.42644757E-01
6.42321739E-01
6.41998721E-01
6.41675703E-01
6.41352685E-01
6.41029666E-01
6.40706648E-01
6.40383630E-01
6.40060612E-01
6.39737593E-01
6.39414575E-01
6.39091557E-01
6.38768539E-01
6.38445521E-01
6.38122502E-01
6.37799484E-01
6.37476466E-01
6.37153448E-01
6.36830429E-01
6.36507411E-01
6.36184393E-01
6.35861375E-01
6.35538357E-01
6.35215338E-01
6.34892320E-01
6.34569302E-01
6.34246284E-01
6.33923265E-01
6.33600247E-01
6.33277229E-01
6.32954211E-01
6.32631192E-01
6.32308174E-01
6.31985156E-01
6.31662138E-01
6.31339120E-01
6.31016101E-01
6.30693083E-01
6.30370065E-01
6.30047047E-01
6.29724028E-01
6.29401010E-01
6.29077992E-01
6.28754974E-01
6.28431956E-01
6.28108937E-01
6.27785919E-01
6.27462901E-01
6.27139883E-01
6.26816864E-01
6.26493846E-01
6.26170828E-01
6.25847810E-01
6.25524792E-01
6.25201773E-01
6.24878755E-01
6.24555737E-01
6.24232719E-01
6.23909700E-01
6.23586682E-01
6.23263664E-01
6.22940646E-01
6.22617628E-01
6.22294609E-01
6.21971591E-01
6.21648573E-01
6.21325555E-01
6.21002536E-01
6.20679518E-01
6.20356500E-01
6.20033482E-01
6.19710464E-01
6.19387445E-01
6.19064427E-01
6.18741409E-01
6.18418391E-01
6.18095372E-01
6.17772354E-01
6.17449336E-01
6.17126318E-01
6.16803299E-01
6.16480281E-01
6.16157263E-01
6.15834245E-01
6.15511227E-01
6.15188208E-01
6.14865190E-01
6.14542172E-01
6.14219154E-01
6.13896135E-01
6.13573117E-01
6.13250099E-01
6.12927081E-01
6.12604063E-01
6.12281044E-01
6.11958026E-01
6.11635008E-01
6.11311990E-01
6.10988971E-01
6.10665953E-01
6.10342935E-01
6.10019917E-01
6.09696899E-01
6.09373880E-01
6.09050862E-01
6.08727844E-01
6.08404826E-01
6.08081807E-01
6.07758789E-01
6.07435771E-01
6.07112753E-01
6.06789735E-01
6.06466716E-01
6.06143698E-01
6.05820680E-01
6.05497662E-01
6.05174643E-01
6.04851625E-01
6.04528607E-01
6.04205589E-01
6.03882571E-01
6.03559552E-01
6.03236534E-01
6.02913516E-01
6.02590498E-01
6.02267479E-01
6.01944461E-01
6.01621443E-01
6.01298425E-01
6.00975407E-01
6.00652388E-01
6.00329370E-01
6.00006352E-01
5.99683334E-01
5.99360315E-01
5.99037297E-01
5.98714279E-01
5.98391261E-01
5.98068242E-01
5.97745224E-01
5.97422206E-01
5.97099188E-01
5.96776170E-01
5.96453151E-01
5.96130133E-01
5.95807115E-01
5.95484097E-01
5.95161078E-01
5.94838060E-01
5.94515042E-01
5.94192024E-01
5.93869006E-01
5.93545987E-01
5.93222969E-01
5.92899951E-01
5.92576933E-01
5.92253914E-01
5.91930896E-01
5.91607878E-01
5.91284860E-01
5.90961842E-01
5.90638823E-01
5.90315805E-01
5.89992787E-01
5.89669769E-01
5.89346750E-01
5.89023732E-01
5.88700714E-01
5.88377696E-01
5.88054678E-01
5.87731659E-01
5.87408641E-01
5.87085623E-01
5.86762605E-01
5.86439586E-01
5.86116568E-01
5.85793550E-01
5.85470532E-01
5.85147514E-01
5.84824495E-01
5.84501477E-01
5.84178459E-01
5.83855441E-01
5.83532422E-01
5.83209404E-01
5.82886386E-01
5.82563368E-01
5.82240349E-01
5.81917331E-01
5.81594313E-01
5.81271295E-01
5.80948277E-01
5.80625258E-01
5.80302240E-01
5.79979222E-01
5.79656204E-01
5.79333185E-01
5.79010167E-01
5.78687149E-01
5.78364131E-01
5.78041113E-01
5.77718094E-01
5.77395076E-01
5.77072058E-01
5.76749040E-01
5.76426021E-01
5.76103003E-01
5.75779985E-01
5.75456967E-01
5.75133949E-01
5.74810930E-01
5.74487912E-01
5.74164894E-01
5.73841876E-01
5.73518857E-01
5.73195839E-01
5.72872821E-01
5.72549803E-01
5.72226785E-01
5.71903766E-01
5.71580748E-01
5.71257730E-01
5.70934712E-01
5.70611693E-01
5.70288675E-01
5.69965657E-01
5.69642639E-01
5.69319621E-01
5.68996602E-01
5.68673584E-01
5.68350566E-01
5.68027548E-01
5.67704529E-01
5.67381511E-01
5.67058493E-01
5.66735475E-01
5.66412456E-01
5.66089438E-01
5.65766420E-01
5.65443402E-01
5.65120384E-01
5.64797365E-01
5.64474347E-01
5.64151329E-01
5.63828311E-01
5.63505292E-01
5.63182274E-01
5.62859256E-01
5.62536238E-01
5.62213220E-01
5.61890201E-01
5.61567183E-01
5.61244165E-01
5.60921147E-01
5.60598128E-01
5.60275110E-01
5.59952092E-01
5.59629074E-01
5.59306056E-01
5.58983037E-01
5.58660019E-01
5.58337001E-01
5.58013983E-01
5.57690964E-01
5.57367946E-01
5.57044928E-01
5.56721910E-01
5.56398892E-01
5.56075873E-01
5.55752855E-01
5.55429837E-01
5.55106819E-01
5.54783800E-01
5.54460782E-01
5.54137764E-01
5.53814746E-01
5.53491728E-01
5.53168709E-01
5.52845691E-01
5.52522673E-01
5.52199655E-01
5.51876636E-01
5.51553618E-01
5.51230600E-01
5.50907582E-01
5.50584563E-01
5.50261545E-01
5.49938527E-01
5.49615509E-01
5.49292491E-01
5.48969472E-01
5.48646454E-01
5.48323436E-01
5.48000418E-01
5.47677399E-01
5.47354381E-01
5.47031363E-01
5.46708345E-01
5.46385327E-01
5.46062308E-01
5.45739290E-01
5.45416272E-01
5.45093254E-01
5.44770235E-01
5.44447217E-01
5.44124199E-01
5.43801181E-01
5.43478163E-01
5.43155144E-01
5.42832126E-01
5.42509108E-01
5.42186090E-01
5.41863071E-01
5.41540053E-01
5.41217035E-01
5.40894017E-01
5.40570999E-01
5.40247980E-01
5.39924962E-01
5.39601944E-01
5.39278926E-01
5.38955907E-01
5.38632889E-01
5.38309871E-01
5.37986853E-01
5.37663835E-01
5.37340816E-01
5.37017798E-01
5.36694780E-01
5.36371762E-01
5.36048743E-01
5.35725725E-01
5.35402707E-01
5.35079689E-01
5.34756671E-01
5.34433652E-01
5.34110634E-01
5.33787616E-01
5.33464598E-01
5.33141579E-01
5.32818561E-01
5.32495543E-01
5.32172525E-01
5.31849506E-01
5.31526488E-01
5.31203470E-01
5.30880452E-01
5.30557434E-01
5.30234415E-01
5.29911397E-01
5.29588379E-01
5.29265361E-01
5.28942342E-01
5.28619324E-01
5.28296306E-01
5.27973288E-01
5.27650270E-01
5.27327251E-01
5.27004233E-01
5.26681215E-01
5.26358197E-01
5.26035178E-01
5.25712160E-01
5.25389142E-01
5.25066124E-01
5.24743106E-01
5.24420087E-01
5.24097069E-01
5.23774051E-01
5.23451033E-01
5.23128014E-01
5.22804996E-01
5.22481978E-01
5.22158960E-01
5.21835942E-01
5.21512923E-01
5.21189905E-01
5.20866887E-01
5.20543869E-01
5.20220850E-01
5.19897832E-01
5.19574814E-01
5.19251796E-01
5.18928778E-01
5.18605759E-01
5.18282741E-01
5.17959723E-01
5.17636705E-01
5.17313686E-01
5.16990668E-01
5.16667650E-01
5.16344632E-01
5.16021613E-01
5.15698595E-01
5.15375577E-01
5.15052559E-01
5.14729541E-01
5.14406522E-01
5.14083504E-01
5.13760486E-01
5.13437468E-01
5.13114449E-01
5.12791431E-01
5.12468413E-01
5.12145395E-01
5.11822377E-01
5.11499358E-01
5.11176340E-01
5.10853322E-01
5.10530304E-01
5.10207285E-01
5.09884267E-01
5.09561249E-01
5.09238231E-01
5.08915213E-01
5.08592194E-01
5.08269176E-01
5.07946158E-01
5.07623140E-01
5.07300121E-01
5.06977103E-01
5.06654085E-01
5.06331067E-01
5.06008049E-01
5.05685030E-01
5.05362012E-01
5.05038994E-01
5.04715976E-01
5.04392957E-01
5.04069939E-01
5.03746921E-01
5.03423903E-01
5.03100885E-01
5.02777866E-01
5.02454848E-01
5.02131830E-01
5.01808812E-01
5.01485793E-01
5.01162775E-01
5.00839757E-01
5.00516739E-01
5.00193720E-01
4.99870702E-01
4.99547684E-01
4.99224666E-01
4.98901648E-01
4.98578629E-01
4.98255611E-01
4.97932593E-01
4.97609575E-01
4.97286556E-01
4.96963538E-01
4.96640520E-01
4.96317502E-01
4.95994484E-01
4.95671465E-01
4.95348447E-01
4.95025429E-01
4.94702411E-01
4.94379392E-01
4.94056374E-01
4.93733356E-01
4.93410338E-01
4.93087320E-01
4.92764301E-01
4.92441283E-01
4.92118265E-01
4.91795247E-01
4.91472228E-01
4.91149210E-01
4.90826192E-01
4.90503174E-01
4.90180156E-01
4.89857137E-01
4.89534119E-01
4.89211101E-01
4.88888083E-01
4.88565064E-01
4.88242046E-01
4.87919028E-01
4.87596010E-01
4.87272992E-01
4.86949973E-01
4.86626955E-01
4.86303937E-01
4.85980919E-01
4.85657900E-01
4.85334882E-01
4.85011864E-01
4.84688846E-01
4.84365827E-01
4.84042809E-01
4.83719791E-01
4.83396773E-01
4.83073755E-01
4.82750736E-01
4.82427718E-01
4.82104700E-01
4.81781682E-01
4.81458663E-01
4.81135645E-01
4.80812627E-01
4.80489609E-01
4.80166591E-01
4.79843572E-01
4.79520554E-01
4.79197536E-01
4.78874518E-01
4.78551499E-01
4.78228481E-01
4.77905463E-01
4.77582445E-01
4.77259427E-01
4.76936408E-01
4.76613390E-01
4.76290372E-01
4.75967354E-01
4.75644335E-01
4.75321317E-01
4.74998299E-01
4.74675281E-01
4.74352263E-01
4.74029244E-01
4.73706226E-01
4.73383208E-01
4.73060190E-01
4.72737171E-01
4.72414153E-01
4.72091135E-01
4.71768117E-01
4.71445099E-01
4.71122080E-01
4.70799062E-01
4.70476044E-01
4.70153026E-01
4.69830007E-01
4.69506989E-01
4.69183971E-01
4.68860953E-01
4.68537934E-01
4.68214916E-01
4.67891898E-01
4.67568880E-01
4.67245862E-01
4.66922843E-01
4.66599825E-01
4.66276807E-01
4.65953789E-01
4.65630770E-01
4.65307752E-01
4.64984734E-01
4.64661716E-01
4.64338698E-01
4.64015679E-01
4.63692661E-01
4.63369643E-01
4.63046625E-01
4.62723606E-01
4.62400588E-01
4.62077570E-01
4.61754552E-01
4.61431534E-01
4.61108515E-01
4.60785497E-01
4.60462479E-01
4.60139461E-01
4.59816442E-01
4.59493424E-01
4.59170406E-01
4.58847388E-01
4.58524370E-01
4.58201351E-01
4.57878333E-01
4.57555315E-01
4.57232297E-01
4.56909278E-01
4.56586260E-01
4.56263242E-01
4.55940224E-01
4.55617206E-01
4.55294187E-01
4.54971169E-01
4.54648151E-01
4.54325133E-01
4.54002114E-01
4.53679096E-01
4.53356078E-01
4.53033060E-01
4.52710042E-01
4.52387023E-01
4.52064005E-01
4.51740987E-01
4.51417969E-01
4.51094950E-01
4.50771932E-01
4.50448914E-01
4.50125896E-01
4.49802877E-01
4.49479859E-01
4.49156841E-01
4.48833823E-01
4.48510805E-01
4.48187786E-01
4.47864768E-01
4.47541750E-01
4.47218732E-01
4.46895713E-01
4.46572695E-01
4.46249677E-01
4.45926659E-01
4.45603641E-01
4.45280622E-01
4.44957604E-01
4.44634586E-01
4.44311568E-01
4.43988549E-01
4.43665531E-01
4.43342513E-01
4.43019495E-01
4.42696477E-01
4.42373458E-01
4.42050440E-01
4.41727422E-01
4.41404404E-01
4.41081385E-01
4.40758367E-01
4.40435349E-01
4.40112331E-01
4.39789313E-01
4.39466294E-01
4.39143276E-01
4.38820258E-01
4.38497240E-01
4.38174221E-01
4.37851203E-01
4.37528185E-01
4.37205167E-01
4.36882149E-01
4.36559130E-01
4.36236112E-01
4.35913094E-01
4.35590076E-01
4.35267057E-01
4.34944039E-01
4.34621021E-01
4.34298003E-01
4.33974984E-01
4.33651966E-01
4.33328948E-01
4.33005930E-01
4.32682912E-01
4.32359893E-01
4.32036875E-01
4.31713857E-01
4.31390839E-01
4.31067820E-01
4.30744802E-01
4.30421784E-01
4.30098766E-01
4.29775748E-01
4.29452729E-01
4.29129711E-01
4.28806693E-01
4.28483675E-01
4.28160656E-01
4.27837638E-01
4.27514620E-01
4.27191602E-01
4.26868584E-01
4.26545565E-01
4.26222547E-01
4.25899529E-01
4.25576511E-01
4.25253492E-01
4.24930474E-01
4.24607456E-01
4.24284438E-01
4.23961420E-01
4.23638401E-01
4.23315383E-01
4.22992365E-01
4.22669347E-01
4.22346328E-01
4.22023310E-01
4.21700292E-01
4.21377274E-01
4.21054256E-01
4.20731237E-01
4.20408219E-01
4.20085201E-01
4.19762183E-01
4.19439164E-01
4.19116146E-01
4.18793128E-01
4.18470110E-01
4.18147091E-01
4.17824073E-01
4.17501055E-01
4.17178037E-01
4.16855019E-01
4.16532000E-01
4.16208982E-01
4.15885964E-01
4.15562946E-01
4.15239927E-01
4.14916909E-01
4.14593891E-01
4.14270873E-01
4.13947855E-01
4.13624836E-01
4.13301818E-01
4.12978800E-01
4.12655782E-01
4.12332763E-01
4.12009745E-01
4.11686727E-01
4.11363709E-01
4.11040691E-01
4.10717672E-01
4.10394654E-01
4.10071636E-01
4.09748618E-01
4.09425599E-01
4.09102581E-01
4.08779563E-01
4.08456545E-01
4.08133527E-01
4.07810508E-01
4.07487490E-01
4.07164472E-01
4.06841454E-01
4.06518435E-01
4.06195417E-01
4.05872399E-01
4.05549381E-01
4.05226363E-01
4.04903344E-01
4.04580326E-01
4.04257308E-01
4.03934290E-01
4.03611271E-01
4.03288253E-01
4.02965235E-01
4.02642217E-01
4.02319198E-01
4.01996180E-01
4.01673162E-01
4.01350144E-01
4.01027126E-01
4.00704107E-01
4.00381089E-01
4.00058071E-01
3.99735053E-01
3.99412034E-01
3.99089016E-01
3.98765998E-01
3.98442980E-01
3.98119962E-01
3.97796943E-01
3.97473925E-01
3.97150907E-01
3.96827889E-01
3.96504870E-01
3.96181852E-01
3.95858834E-01
3.95535816E-01
3.95212798E-01
3.94889779E-01
3.94566761E-01
3.94243743E-01
3.93920725E-01
3.93597706E-01
3.93274688E-01
3.92951670E-01
3.92628652E-01
3.92305634E-01
3.91982615E-01
3.91659597E-01
3.91336579E-01
3.91013561E-01
3.90690542E-01
3.90367524E-01
3.90044506E-01
3.89721488E-01
3.89398470E-01
3.89075451E-01
3.88752433E-01
3.88429415E-01
3.88106397E-01
3.87783378E-01
3.87460360E-01
3.87137342E-01
3.86814324E-01
3.86491305E-01
3.86168287E-01
3.85845269E-01
3.85522251E-01
3.85199233E-01
3.84876214E-01
3.84553196E-01
3.84230178E-01
3.83907160E-01
3.83584141E-01
3.83261123E-01
3.82938105E-01
3.82615087E-01
3.82292069E-01
3.81969050E-01
3.81646032E-01
3.81323014E-01
3.80999996E-01
3.80676977E-01
3.80353959E-01
3.80030941E-01
3.79707923E-01
3.79384905E-01
3.79061886E-01
3.78738868E-01
3.78415850E-01
3.78092832E-01
3.77769813E-01
3.77446795E-01
3.77123777E-01
3.76800759E-01
3.76477741E-01
3.76154722E-01
3.75831704E-01
3.75508686E-01
3.75185668E-01
3.74862649E-01
3.74539631E-01
3.74216613E-01
3.73893595E-01
3.73570577E-01
3.73247558E-01
3.72924540E-01
3.72601522E-01
3.72278504E-01
3.71955485E-01
3.71632467E-01
3.71309449E-01
3.70986431E-01
3.70663413E-01
3.70340394E-01
3.70017376E-01
3.69694358E-01
3.69371340E-01
3.69048321E-01
3.68725303E-01
3.68402285E-01
3.68079267E-01
3.67756248E-01
3.67433230E-01
3.67110212E-01
3.66787194E-01
3.66464176E-01
3.66141157E-01
3.65818139E-01
3.65495121E-01
3.65172103E-01
3.64849084E-01
3.64526066E-01
3.64203048E-01
3.63880030E-01
3.63557012E-01
3.63233993E-01
3.62910975E-01
3.62587957E-01
3.62264939E-01
3.61941920E-01
3.61618902E-01
3.61295884E-01
3.60972866E-01
3.60649848E-01
3.60326829E-01
3.60003811E-01
3.59680793E-01
3.59357775E-01
3.59034756E-01
3.58711738E-01
3.58388720E-01
3.58065702E-01
3.57742684E-01
3.57419665E-01
3.57096647E-01
3.56773629E-01
3.56450611E-01
3.56127592E-01
3.55804574E-01
3.55481556E-01
3.55158538E-01
3.54835520E-01
3.54512501E-01
3.54189483E-01
3.53866465E-01
3.53543447E-01
3.53220428E-01
3.52897410E-01
3.52574392E-01
3.52251374E-01
3.51928355E-01
3.51605337E-01
3.51282319E-01
3.50959301E-01
3.50636283E-01
3.50313264E-01
3.49990246E-01
3.49667228E-01
3.49344210E-01
3.49021191E-01
3.48698173E-01
3.48375155E-01
3.48052137E-01
3.47729119E-01
3.47406100E-01
3.47083082E-01
3.46760064E-01
3.46437046E-01
3.46114027E-01
3.45791009E-01
3.45467991E-01
3.45144973E-01
3.44821955E-01
3.44498936E-01
3.44175918E-01
3.43852900E-01
3.43529882E-01
3.43206863E-01
3.42883845E-01
3.42560827E-01
3.42237809E-01
3.41914791E-01
3.41591772E-01
3.41268754E-01
3.40945736E-01
3.40622718E-01
3.40299699E-01
3.39976681E-01
3.39653663E-01
3.39330645E-01
3.39007627E-01
3.38684608E-01
3.38361590E-01
3.38038572E-01
3.37715554E-01
3.37392535E-01
3.37069517E-01
3.36746499E-01
3.36423481E-01
3.36100462E-01
3.35777444E-01
3.35454426E-01
3.35131408E-01
3.34808390E-01
3.34485371E-01
3.34162353E-01
3.33839335E-01
3.33516317E-01
3.33193298E-01
3.32870280E-01
3.32547262E-01
3.32224244E-01
3.31901226E-01
3.31578207E-01
3.31255189E-01
3.30932171E-01
3.30609153E-01
3.30286134E-01
3.29963116E-01
3.29640098E-01
3.29317080E-01
3.28994062E-01
3.28671043E-01
3.28348025E-01
3.28025007E-01
3.27701989E-01
3.27378970E-01
3.27055952E-01
3.26732934E-01
3.26409916E-01
3.26086898E-01
3.25763879E-01
3.25440861E-01
3.25117843E-01
3.24794825E-01
3.24471806E-01
3.24148788E-01
3.23825770E-01
3.23502752E-01
3.23179734E-01
3.22856715E-01
3.22533697E-01
3.22210679E-01
3.21887661E-01
3.21564642E-01
3.21241624E-01
3.20918606E-01
3.20595588E-01
3.20272569E-01
3.19949551E-01
3.19626533E-01
3.19303515E-01
3.18980497E-01
3.18657478E-01
3.18334460E-01
3.18011442E-01
3.17688424E-01
3.17365405E-01
3.17042387E-01
3.16719369E-01
3.16396351E-01
3.16073333E-01
3.15750314E-01
3.15427296E-01
3.15104278E-01
3.14781260E-01
3.14458241E-01
3.14135223E-01
3.13812205E-01
3.13489187E-01
3.13166169E-01
3.12843150E-01
3.12520132E-01
3.12197114E-01
3.11874096E-01
3.11551077E-01
3.11228059E-01
3.10905041E-01
3.10582023E-01
3.10259005E-01
3.09935986E-01
3.09612968E-01
3.09289950E-01
3.08966932E-01
3.08643913E-01
3.08320895E-01
3.07997877E-01
3.07674859E-01
3.07351841E-01
3.07028822E-01
3.06705804E-01
3.06382786E-01
3.06059768E-01
3.05736749E-01
3.05413731E-01
3.05090713E-01
3.04767695E-01
3.04444677E-01
3.04121658E-01
3.03798640E-01
3.03475622E-01
3.03152604E-01
3.02829585E-01
3.02506567E-01
3.02183549E-01
3.01860531E-01
3.01537512E-01
3.01214494E-01
3.00891476E-01
3.00568458E-01
3.00245440E-01
2.99922421E-01
2.99599403E-01
2.99276385E-01
2.98953367E-01
2.98630348E-01
2.98307330E-01
2.97984312E-01
2.97661294E-01
2.97338276E-01
2.97015257E-01
2.96692239E-01
2.96369221E-01
2.96046203E-01
2.95723184E-01
2.95400166E-01
2.95077148E-01
2.94754130E-01
2.94431112E-01
2.94108093E-01
2.93785075E-01
2.93462057E-01
2.93139039E-01
2.92816020E-01
2.92493002E-01
2.92169984E-01
2.91846966E-01
2.91523948E-01
2.91200929E-01
2.90877911E-01
2.90554893E-01
2.90231875E-01
2.89908856E-01
2.89585838E-01
2.89262820E-01
2.88939802E-01
2.88616784E-01
2.88293765E-01
2.87970747E-01
2.87647729E-01
2.87324711E-01
2.87001692E-01
2.86678674E-01
2.86355656E-01
2.86032638E-01
2.85709619E-01
2.85386601E-01
2.85063583E-01
2.84740565E-01
2.84417547E-01
2.84094528E-01
2.83771510E-01
2.83448492E-01
2.83125474E-01
2.82802455E-01
2.82479437E-01
2.82156419E-01
2.81833401E-01
2.81510383E-01
2.81187364E-01
2.80864346E-01
2.80541328E-01
2.80218310E-01
2.79895291E-01
2.79572273E-01
2.79249255E-01
2.78926237E-01
2.78603219E-01
2.78280200E-01
2.77957182E-01
2.77634164E-01
2.77311146E-01
2.76988127E-01
2.76665109E-01
2.76342091E-01
2.76019073E-01
2.75696055E-01
2.75373036E-01
2.75050018E-01
2.74727000E-01
2.74403982E-01
2.74080963E-01
2.73757945E-01
2.73434927E-01
2.73111909E-01
2.72788891E-01
2.72465872E-01
2.72142854E-01
2.71819836E-01
2.71496818E-01
2.71173799E-01
2.70850781E-01
2.70527763E-01
2.70204745E-01
2.69881726E-01
2.69558708E-01
2.69235690E-01
2.68912672E-01
2.68589654E-01
2.68266635E-01
2.67943617E-01
2.67620599E-01
2.67297581E-01
2.66974562E-01
2.66651544E-01
2.66328526E-01
2.66005508E-01
2.65682490E-01
2.65359471E-01
2.65036453E-01
2.64713435E-01
2.64390417E-01
2.64067398E-01
2.63744380E-01
2.63421362E-01
2.63098344E-01
2.62775326E-01
2.62452307E-01
2.62129289E-01
2.61806271E-01
2.61483253E-01
2.61160234E-01
2.60837216E-01
2.60514198E-01
2.60191180E-01
2.59868162E-01
2.59545143E-01
2.59222125E-01
2.58899107E-01
2.58576089E-01
2.58253070E-01
2.57930052E-01
2.57607034E-01
2.57284016E-01
2.56960998E-01
2.56637979E-01
2.56314961E-01
2.55991943E-01
2.55668925E-01
2.55345906E-01
2.55022888E-01
2.54699870E-01
2.54376852E-01
2.54053833E-01
2.53730815E-01
2.53407797E-01
2.53084779E-01
2.52761761E-01
2.52438742E-01
2.52115724E-01
2.51792706E-01
2.51469688E-01
2.51146669E-01
2.50823651E-01
2.50500633E-01
2.50177615E-01
2.49854597E-01
2.49531578E-01
2.49208560E-01
2.48885542E-01
2.48562524E-01
2.48239505E-01
2.47916487E-01
2.47593469E-01
2.47270451E-01
2.46947433E-01
2.46624414E-01
2.46301396E-01
2.45978378E-01
2.45655360E-01
2.45332341E-01
2.45009323E-01
2.44686305E-01
2.44363287E-01
2.44040269E-01
2.43717250E-01
2.43394232E-01
2.43071214E-01
2.42748196E-01
2.42425177E-01
2.42102159E-01
2.41779141E-01
2.41456123E-01
2.41133105E-01
2.40810086E-01
2.40487068E-01
2.40164050E-01
2.39841032E-01
2.39518013E-01
2.39194995E-01
2.38871977E-01
2.38548959E-01
2.38225940E-01
2.37902922E-01
2.37579904E-01
2.37256886E-01
2.36933868E-01
2.36610849E-01
2.36287831E-01
2.35964813E-01
2.35641795E-01
2.35318776E-01
2.34995758E-01
2.34672740E-01
2.34349722E-01
2.34026704E-01
2.33703685E-01
2.33380667E-01
2.33057649E-01
2.32734631E-01
2.32411612E-01
2.32088594E-01
2.31765576E-01
2.31442558E-01
2.31119540E-01
2.30796521E-01
2.30473503E-01
2.30150485E-01
2.29827467E-01
2.29504448E-01
2.29181430E-01
2.28858412E-01
2.28535394E-01
2.28212376E-01
2.27889357E-01
2.27566339E-01
2.27243321E-01
2.26920303E-01
2.26597284E-01
2.26274266E-01
2.25951248E-01
2.25628230E-01
2.25305212E-01
2.24982193E-01
2.24659175E-01
2.24336157E-01
2.24013139E-01
2.23690120E-01
2.23367102E-01
2.23044084E-01
2.22721066E-01
2.22398048E-01
2.22075029E-01
2.21752011E-01
2.21428993E-01
2.21105975E-01
2.20782956E-01
2.20459938E-01
2.20136920E-01
2.19813902E-01
2.19490883E-01
2.19167865E-01
2.18844847E-01
2.18521829E-01
2.18198811E-01
2.17875792E-01
2.17552774E-01
2.17229756E-01
2.16906738E-01
2.16583719E-01
2.16260701E-01
2.15937683E-01
2.15614665E-01
2.15291647E-01
2.14968628E-01
2.14645610E-01
2.14322592E-01
2.13999574E-01
2.13676555E-01
2.13353537E-01
2.13030519E-01
2.12707501E-01
2.12384483E-01
2.12061464E-01
2.11738446E-01
2.11415428E-01
2.11092410E-01
2.10769391E-01
2.10446373E-01
2.10123355E-01
2.09800337E-01
2.09477319E-01
2.09154300E-01
2.08831282E-01
2.08508264E-01
2.08185246E-01
2.07862227E-01
2.07539209E-01
2.07216191E-01
2.06893173E-01
2.06570155E-01
2.06247136E-01
2.05924118E-01
2.05601100E-01
2.05278082E-01
2.04955063E-01
2.04632045E-01
2.04309027E-01
2.03986009E-01
2.03662990E-01
2.03339972E-01
2.03016954E-01
2.02693936E-01
2.02370918E-01
2.02047899E-01
2.01724881E-01
2.01401863E-01
2.01078845E-01
2.00755826E-01
2.00432808E-01
2.00109790E-01
1.99786772E-01
1.99463754E-01
1.99140735E-01
1.98817717E-01
1.98494699E-01
1.98171681E-01
1.97848662E-01
1.97525644E-01
1.97202626E-01
1.96879608E-01
1.96556590E-01
1.96233571E-01
1.95910553E-01
1.95587535E-01
1.95264517E-01
1.94941498E-01
1.94618480E-01
1.94295462E-01
1.93972444E-01
1.93649426E-01
1.93326407E-01
1.93003389E-01
1.92680371E-01
1.92357353E-01
1.92034334E-01
1.91711316E-01
1.91388298E-01
1.91065280E-01
1.90742262E-01
1.90419243E-01
1.90096225E-01
1.89773207E-01
1.89450189E-01
1.89127170E-01
1.88804152E-01
1.88481134E-01
1.88158116E-01
1.87835097E-01
1.87512079E-01
1.87189061E-01
1.86866043E-01
1.86543025E-01
1.86220006E-01
1.85896988E-01
1.85573970E-01
1.85250952E-01
1.84927933E-01
1.84604915E-01
1.84281897E-01
1.83958879E-01
1.83635861E-01
1.83312842E-01
1.82989824E-01
1.82666806E-01
1.82343788E-01
1.82020769E-01
1.81697751E-01
1.81374733E-01
1.81051715E-01
1.80728697E-01
1.80405678E-01
1.80082660E-01
1.79759642E-01
1.79436624E-01
1.79113605E-01
1.78790587E-01
1.78467569E-01
1.78144551E-01
1.77821533E-01
1.77498514E-01
1.77175496E-01
1.76852478E-01
1.76529460E-01
1.76206441E-01
1.75883423E-01
1.75560405E-01
1.75237387E-01
1.74914369E-01
1.74591350E-01
1.74268332E-01
1.73945314E-01
1.73622296E-01
1.73299277E-01
1.72976259E-01
1.72653241E-01
1.72330223E-01
1.72007204E-01
1.71684186E-01
1.71361168E-01
1.71038150E-01
1.70715132E-01
1.70392113E-01
1.70069095E-01
1.69746077E-01
1.69423059E-01
1.69100040E-01
1.68777022E-01
1.68454004E-01
1.68130986E-01
1.67807968E-01
1.67484949E-01
1.67161931E-01
1.66838913E-01
1.66515895E-01
1.66192876E-01
1.65869858E-01
1.65546840E-01
1.65223822E-01
1.64900804E-01
1.64577785E-01
1.64254767E-01
1.63931749E-01
1.63608731E-01
1.63285712E-01
1.62962694E-01
1.62639676E-01
1.62316658E-01
1.61993640E-01
1.61670621E-01
1.61347603E-01
1.61024585E-01
1.60701567E-01
1.60378548E-01
1.60055530E-01
1.59732512E-01
1.59409494E-01
1.59086476E-01
1.58763457E-01
1.58440439E-01
1.58117421E-01
1.57794403E-01
1.57471384E-01
1.57148366E-01
1.56825348E-01
1.56502330E-01
1.56179311E-01
1.55856293E-01
1.55533275E-01
1.55210257E-01
1.54887239E-01
1.54564220E-01
1.54241202E-01
1.53918184E-01
1.53595166E-01
1.53272147E-01
1.52949129E-01
1.52626111E-01
1.52303093E-01
1.51980075E-01
1.51657056E-01
1.51334038E-01
1.51011020E-01
1.50688002E-01
1.50364983E-01
1.50041965E-01
1.49718947E-01
1.49395929E-01
1.49072911E-01
1.48749892E-01
1.48426874E-01
1.48103856E-01
1.47780838E-01
1.47457819E-01
1.47134801E-01
1.46811783E-01
1.46488765E-01
1.46165747E-01
1.45842728E-01
1.45519710E-01
1.45196692E-01
1.44873674E-01
1.44550655E-01
1.44227637E-01
1.43904619E-01
1.43581601E-01
1.43258583E-01
1.42935564E-01
1.42612546E-01
1.42289528E-01
1.41966510E-01
1.41643491E-01
1.41320473E-01
1.40997455E-01
1.40674437E-01
1.40351419E-01
1.40028400E-01
1.39705382E-01
1.39382364E-01
1.39059346E-01
1.38736327E-01
1.38413309E-01
1.38090291E-01
1.37767273E-01
1.37444254E-01
1.37121236E-01
1.36798218E-01
1.36475200E-01
1.36152182E-01
1.35829163E-01
1.35506145E-01
1.35183127E-01
1.34860109E-01
1.34537090E-01
1.34214072E-01
1.33891054E-01
1.33568036E-01
1.33245018E-01
1.32921999E-01
1.32598981E-01
1.32275963E-01
1.31952945E-01
1.31629926E-01
1.31306908E-01
1.30983890E-01
1.30660872E-01
1.30337854E-01
1.30014835E-01
1.29691817E-01
1.29368799E-01
1.29045781E-01
1.28722762E-01
1.28399744E-01
1.28076726E-01
1.27753708E-01
1.27430690E-01
1.27107671E-01
1.26784653E-01
1.26461635E-01
1.26138617E-01
1.25815598E-01
1.25492580E-01
1.25169562E-01
1.24846544E-01
1.24523526E-01
1.24200507E-01
1.23877489E-01
1.23554471E-01
1.23231453E-01
1.22908434E-01
1.22585416E-01
1.22262398E-01
1.21939380E-01
1.21616361E-01
1.21293343E-01
1.20970325E-01
1.20647307E-01
1.20324289E-01
1.20001270E-01
1.19678252E-01
1.19355234E-01
1.19032216E-01
1.18709197E-01
1.18386179E-01
1.18063161E-01
1.17740143E-01
1.17417125E-01
1.17094106E-01
1.16771088E-01
1.16448070E-01
1.16125052E-01
1.15802033E-01
1.15479015E-01
1.15155997E-01
1.14832979E-01
1.14509961E-01
1.14186942E-01
1.13863924E-01
1.13540906E-01
1.13217888E-01
1.12894869E-01
1.12571851E-01
1.12248833E-01
1.11925815E-01
1.11602797E-01
1.11279778E-01
1.10956760E-01
1.10633742E-01
1.10310724E-01
1.09987705E-01
1.09664687E-01
1.09341669E-01
1.09018651E-01
1.08695633E-01
1.08372614E-01
1.08049596E-01
1.07726578E-01
1.07403560E-01
1.07080541E-01
1.06757523E-01
1.06434505E-01
1.06111487E-01
1.05788468E-01
1.05465450E-01
1.05142432E-01
1.04819414E-01
1.04496396E-01
1.04173377E-01
1.03850359E-01
1.03527341E-01
1.03204323E-01
1.02881304E-01
1.02558286E-01
1.02235268E-01
1.01912250E-01
1.01589232E-01
1.01266213E-01
1.00943195E-01
1.00620177E-01
1.00297159E-01
9.99741405E-02
9.96511222E-02
9.93281040E-02
9.90050858E-02
9.86820676E-02
9.83590493E-02
9.80360311E-02
9.77130129E-02
9.73899947E-02
9.70669764E-02
9.67439582E-02
9.64209400E-02
9.60979218E-02
9.57749035E-02
9.54518853E-02
9.51288671E-02
9.48058489E-02
9.44828306E-02
9.41598124E-02
9.38367942E-02
9.35137760E-02
9.31907577E-02
9.28677395E-02
9.25447213E-02
9.22217031E-02
9.18986848E-02
9.15756666E-02
9.12526484E-02
9.09296302E-02
9.06066119E-02
9.02835937E-02
8.99605755E-02
8.96375573E-02
8.93145390E-02
8.89915208E-02
8.86685026E-02
8.83454844E-02
8.80224662E-02
8.76994479E-02
8.73764297E-02
8.70534115E-02
8.67303933E-02
8.64073750E-02
8.60843568E-02
8.57613386E-02
8.54383204E-02
8.51153021E-02
8.47922839E-02
8.44692657E-02
8.41462475E-02
8.38232292E-02
8.35002110E-02
8.31771928E-02
8.28541746E-02
8.25311563E-02
8.22081381E-02
8.18851199E-02
8.15621017E-02
8.12390834E-02
8.09160652E-02
8.05930470E-02
8.02700288E-02
7.99470105E-02
7.96239923E-02
7.93009741E-02
7.89779559E-02
7.86549376E-02
7.83319194E-02
7.80089012E-02
7.76858830E-02
7.73628647E-02
7.70398465E-02
7.67168283E-02
7.63938101E-02
7.60707918E-02
7.57477736E-02
7.54247554E-02
7.51017372E-02
7.47787189E-02
7.44557007E-02
7.41326825E-02
7.38096643E-02
7.34866461E-02
7.31636278E-02
7.28406096E-02
7.25175914E-02
7.21945732E-02
7.18715549E-02
7.15485367E-02
7.12255185E-02
7.09025003E-02
7.05794820E-02
7.02564638E-02
6.99334456E-02
6.96104274E-02
6.92874091E-02
6.89643909E-02
6.86413727E-02
6.83183545E-02
6.79953362E-02
6.76723180E-02
6.73492998E-02
6.70262816E-02
6.67032633E-02
6.63802451E-02
6.60572269E-02
6.57342087E-02
6.54111904E-02
6.50881722E-02
6.47651540E-02
6.44421358E-02
6.41191175E-02
6.37960993E-02
6.34730811E-02
6.31500629E-02
6.28270446E-02
6.25040264E-02
6.21810082E-02
6.18579900E-02
6.15349717E-02
6.12119535E-02
6.08889353E-02
6.05659171E-02
6.02428989E-02
5.99198806E-02
5.95968624E-02
5.92738442E-02
5.89508260E-02
5.86278077E-02
5.83047895E-02
5.79817713E-02
5.76587531E-02
5.73357348E-02
5.70127166E-02
5.66896984E-02
5.63666802E-02
5.60436619E-02
5.57206437E-02
5.53976255E-02
5.50746073E-02
5.47515890E-02
5.44285708E-02
5.41055526E-02
5.37825344E-02
5.34595161E-02
5.31364979E-02
5.28134797E-02
5.24904615E-02
5.21674432E-02
5.18444250E-02
5.15214068E-02
5.11983886E-02
5.08753703E-02
5.05523521E-02
5.02293339E-02
4.99063157E-02
4.95832974E-02
4.92602792E-02
4.89372610E-02
4.86142428E-02
4.82912245E-02
4.79682063E-02
4.76451881E-02
4.73221699E-02
4.69991517E-02
4.66761334E-02
4.63531152E-02
4.60300970E-02
4.57070788E-02
4.53840605E-02
4.50610423E-02
4.47380241E-02
4.44150059E-02
4.40919876E-02
4.37689694E-02
4.34459512E-02
4.31229330E-02
4.27999147E-02
4.24768965E-02
4.21538783E-02
4.18308601E-02
4.15078418E-02
4.11848236E-02
4.08618054E-02
4.05387872E-02
4.02157689E-02
3.98927507E-02
3.95697325E-02
3.92467143E-02
3.89236960E-02
3.86006778E-02
3.82776596E-02
3.79546414E-02
3.76316231E-02
3.73086049E-02
3.69855867E-02
3.66625685E-02
3.63395502E-02
3.60165320E-02
3.56935138E-02
3.53704956E-02
3.50474773E-02
3.47244591E-02
3.44014409E-02
3.40784227E-02
3.37554045E-02
3.34323862E-02
3.31093680E-02
3.27863498E-02
3.24633316E-02
3.21403133E-02
3.18172951E-02
3.14942769E-02
3.11712587E-02
3.08482404E-02
3.05252222E-02
3.02022040E-02
2.98791858E-02
2.95561675E-02
2.92331493E-02
2.89101311E-02
2.85871129E-02
2.82640946E-02
2.79410764E-02
2.76180582E-02
2.72950400E-02
2.69720217E-02
2.66490035E-02
2.63259853E-02
2.60029671E-02
2.56799488E-02
2.53569306E-02
2.50339124E-02
2.47108942E-02
2.43878759E-02
2.40648577E-02
2.37418395E-02
2.34188213E-02
2.30958030E-02
2.27727848E-02
2.24497666E-02
2.21267484E-02
2.18037301E-02
2.14807119E-02
2.11576937E-02
2.08346755E-02
2.05116572E-02
2.01886390E-02
1.98656208E-02
1.95426026E-02
1.92195844E-02
1.88965661E-02
1.85735479E-02
1.82505297E-02
1.79275115E-02
1.76044932E-02
1.72814750E-02
1.69584568E-02
1.66354386E-02
1.63124203E-02
1.59894021E-02
1.56663839E-02
1.53433657E-02
1.50203474E-02
1.46973292E-02
1.43743110E-02
1.40512928E-02
1.37282745E-02
1.34052563E-02
1.30822381E-02
1.27592199E-02
1.24362016E-02
1.21131834E-02
1.17901652E-02
1.14671470E-02
1.11441287E-02
1.08211105E-02
1.04980923E-02
1.01750741E-02
9.85205584E-03
9.52903762E-03
9.20601940E-03
8.88300117E-03
8.55998295E-03
8.23696472E-03
7.91394650E-03
7.59092827E-03
7.26791005E-03
6.94489182E-03
6.62187360E-03
6.29885538E-03
5.97583715E-03
5.65281893E-03
5.32980070E-03
5.00678248E-03
4.68376425E-03
4.36074603E-03
4.03772781E-03
3.71470958E-03
3.39169136E-03
3.06867313E-03
2.74565491E-03
2.42263668E-03
2.09961846E-03
1.77660023E-03
1.45358201E-03
1.13056379E-03
8.07545561E-04
4.84527337E-04
1.61509112E-04
