0.030556061868863307
0.029520263161444214
0.028484464454025117
0.027448665746606024
0.026412867039186928
0.02537706833176783
0.024341269624348738
0.02330547091692964
0.022269672209510545
0.021233873502091452
0.020198074794672356
0.019162276087253263
0.018126477379834166
0.01709067867241507
0.016054879964995977
0.01501908125757688
0.013983282550157785
0.01294748384273869
0.011911685135319594
0.0108758864279005
0.009840087720481405
0.00880428901306231
0.007768490305643214
0.0067326915982241185
0.005696892890805024
0.004661094183385928
0.0036252954759668334
0.002589496768547738
0.0015536980611286428
0.0005178993537095476
