6.99 6.701
6.987 6.702
6.984 6.704
6.98 6.705
6.977 6.707
6.973 6.709
6.969 6.71
6.966 6.712
6.962 6.712
6.957 6.713
6.952 6.715
6.947 6.717
6.943 6.718
6.938 6.72
6.933 6.721
6.928 6.721
6.922 6.723
6.917 6.724
6.911 6.726
6.905 6.726
6.9 6.728
6.894 6.729
6.887 6.731
6.879 6.731
6.873 6.732
6.867 6.732
6.86 6.734
6.853 6.736
6.846 6.736
6.84 6.737
6.832 6.737
6.826 6.739
6.819 6.739
6.813 6.739
6.807 6.74
6.802 6.74
6.797 6.742
6.792 6.742
6.788 6.742
6.785 6.742
6.781 6.743
6.78 6.743
6.778 6.743
6.778 6.743
6.778 6.743
6.778 6.743
6.78 6.745
6.781 6.745
6.785 6.745
6.788 6.745
6.792 6.745
6.797 6.745
6.802 6.745
6.808 6.745
6.813 6.745
6.819 6.745
6.827 6.745
6.834 6.743
6.841 6.743
6.848 6.743
6.856 6.743
6.862 6.743
6.868 6.743
6.875 6.743
6.881 6.743
6.887 6.743
6.894 6.743
6.898 6.743
6.903 6.743
6.906 6.743
6.911 6.743
6.914 6.743
6.917 6.743
6.919 6.743
6.92 6.743
6.922 6.743
6.924 6.745
6.924 6.745
6.925 6.745
6.925 6.745
6.924 6.747
6.924 6.747
6.922 6.747
6.92 6.747
6.919 6.748
6.916 6.748
6.914 6.748
6.911 6.75
6.908 6.75
6.905 6.751
6.902 6.751
6.897 6.751
6.892 6.753
6.889 6.753
6.884 6.755
6.879 6.755
6.873 6.755
6.868 6.756
6.862 6.756
6.857 6.758
6.851 6.758
6.845 6.758
6.838 6.759
6.832 6.759
6.824 6.759
6.818 6.761
6.811 6.761
6.804 6.761
6.796 6.762
6.788 6.762
6.781 6.762
6.773 6.762
6.766 6.764
6.758 6.764
6.748 6.764
6.74 6.764
6.732 6.764
6.724 6.764
6.715 6.764
6.707 6.766
6.699 6.766
6.69 6.766
6.682 6.766
6.674 6.766
6.666 6.766
6.656 6.766
6.65 6.764
6.642 6.764
6.634 6.764
6.628 6.764
6.622 6.764
6.617 6.764
6.61 6.762
6.607 6.762
6.602 6.762
6.599 6.761
6.598 6.761
6.596 6.761
6.596 6.759
6.596 6.759
6.598 6.758
6.599 6.758
6.602 6.756
6.607 6.756
6.612 6.755
6.617 6.755
6.623 6.753
6.631 6.753
6.639 6.751
6.647 6.751
6.656 6.75
6.664 6.748
6.675 6.748
6.685 6.747
6.694 6.747
6.705 6.745
6.715 6.745
6.724 6.743
6.736 6.742
6.745 6.742
6.755 6.74
6.764 6.74
6.773 6.74
6.781 6.739
6.789 6.739
6.797 6.737
6.804 6.737
6.81 6.737
6.816 6.736
6.823 6.736
6.827 6.736
6.832 6.736
6.835 6.736
6.84 6.736
6.843 6.734
6.846 6.734
6.848 6.734
6.849 6.734
6.851 6.736
6.853 6.736
6.854 6.736
6.854 6.736
6.854 6.736
6.854 6.736
6.854 6.737
6.854 6.737
6.854 6.737
6.853 6.737
6.851 6.739
6.851 6.739
6.849 6.739
6.848 6.74
6.846 6.74
6.845 6.74
6.843 6.742
6.84 6.742
6.838 6.743
6.837 6.743
6.834 6.743
6.832 6.745
6.829 6.745
6.827 6.747
6.824 6.747
6.823 6.747
6.819 6.748
6.818 6.748
6.815 6.75
6.813 6.75
6.81 6.75
6.808 6.751
6.805 6.751
6.804 6.751
6.802 6.753
6.8 6.753
6.799 6.753
6.797 6.755
6.796 6.755
6.794 6.755
6.792 6.755
6.792 6.756
6.791 6.756
6.791 6.756
6.791 6.756
6.791 6.758
6.791 6.758
6.792 6.758
6.794 6.758
6.796 6.758
6.799 6.758
6.802 6.759
6.805 6.759
6.81 6.759
6.815 6.759
6.821 6.759
6.826 6.759
6.834 6.759
6.84 6.761
6.848 6.761
6.856 6.761
6.864 6.761
6.873 6.761
6.881 6.761
6.89 6.761
6.9 6.761
6.909 6.762
6.92 6.762
6.932 6.762
6.941 6.762
6.954 6.762
6.965 6.762
6.976 6.764
6.987 6.764
6.999 6.764
7.01 6.764
7.023 6.766
7.034 6.766
7.045 6.766
7.056 6.767
7.067 6.767
7.078 6.769
7.088 6.769
7.097 6.77
7.107 6.77
7.116 6.772
7.124 6.772
7.132 6.773
7.14 6.773
7.148 6.775
7.154 6.777
7.16 6.778
7.167 6.778
7.171 6.78
7.176 6.781
7.181 6.783
7.185 6.785
7.19 6.786
7.193 6.788
7.196 6.789
7.2 6.791
7.203 6.792
7.206 6.794
7.207 6.796
7.211 6.797
7.212 6.799
7.214 6.8
7.215 6.802
7.217 6.804
7.219 6.807
7.22 6.808
7.22 6.81
7.222 6.811
7.222 6.813
7.222 6.816
7.223 6.818
7.223 6.819
7.223 6.821
7.223 6.823
7.223 6.826
7.223 6.827
7.223 6.829
7.223 6.83
7.223 6.832
7.223 6.835
7.223 6.837
7.223 6.838
7.223 6.84
7.222 6.841
7.222 6.845
7.22 6.846
7.22 6.848
7.22 6.849
7.219 6.851
7.219 6.853
7.217 6.854
7.217 6.856
7.217 6.857
7.215 6.86
7.215 6.862
7.215 6.864
7.215 6.865
7.215 6.867
7.215 6.868
7.215 6.87
7.215 6.872
7.217 6.873
7.217 6.875
7.219 6.876
7.219 6.878
7.22 6.878
7.223 6.879
7.225 6.881
7.228 6.883
7.231 6.884
7.234 6.886
7.239 6.887
7.242 6.889
7.247 6.89
7.252 6.89
7.256 6.892
7.261 6.894
7.266 6.895
7.272 6.897
7.277 6.898
7.281 6.898
7.288 6.9
7.292 6.902
7.299 6.903
7.303 6.905
7.308 6.905
7.314 6.906
7.319 6.908
7.324 6.909
7.329 6.911
7.332 6.911
7.337 6.913
7.34 6.914
7.343 6.916
7.346 6.917
7.349 6.919
7.351 6.92
7.354 6.92
7.355 6.922
7.357 6.924
7.359 6.925
7.36 6.927
7.36 6.928
7.362 6.93
7.362 6.932
7.363 6.933
7.363 6.935
7.363 6.936
7.363 6.938
7.363 6.939
7.362 6.941
7.362 6.943
7.36 6.944
7.36 6.946
7.359 6.947
7.357 6.949
7.355 6.95
7.354 6.952
7.352 6.954
7.351 6.955
7.349 6.957
7.348 6.958
7.344 6.958
7.343 6.96
7.341 6.962
7.338 6.963
7.337 6.965
7.333 6.966
7.332 6.968
7.329 6.969
7.327 6.971
7.324 6.973
7.322 6.974
7.319 6.976
7.316 6.976
7.313 6.977
7.31 6.979
7.307 6.98
7.303 6.982
7.3 6.982
7.297 6.984
7.294 6.985
7.291 6.987
7.288 6.988
7.285 6.988
7.281 6.99
7.278 6.992
7.275 6.992
7.272 6.993
7.269 6.995
7.266 6.995
7.264 6.996
7.261 6.996
7.259 6.998
7.256 6.999
7.255 6.999
7.253 7.001
7.252 7.001
7.252 7.003
7.25 7.003
7.25 7.004
7.25 7.004
7.25 7.006
7.25 7.006
7.25 7.007
7.252 7.007
7.253 7.007
7.255 7.009
7.256 7.009
7.258 7.01
7.261 7.01
7.263 7.01
7.266 7.012
7.269 7.012
7.27 7.012
7.274 7.014
7.277 7.014
7.28 7.014
7.283 7.015
7.286 7.015
7.288 7.015
7.291 7.017
7.294 7.017
7.297 7.017
7.299 7.018
7.302 7.018
7.305 7.018
7.307 7.02
7.31 7.02
7.311 7.02
7.313 7.022
7.316 7.022
7.318 7.022
7.319 7.023
7.321 7.023
7.322 7.025
7.324 7.025
7.326 7.025
7.326 7.026
7.327 7.026
7.327 7.028
7.329 7.028
7.329 7.029
7.329 7.029
7.33 7.029
7.329 7.031
7.329 7.031
7.329 7.033
7.329 7.033
7.327 7.034
7.327 7.034
7.326 7.036
7.326 7.036
7.324 7.037
7.322 7.037
7.321 7.039
7.319 7.039
7.318 7.04
7.316 7.04
7.313 7.042
7.311 7.042
7.31 7.044
7.308 7.044
7.305 7.045
7.303 7.045
7.302 7.047
7.299 7.047
7.297 7.048
7.296 7.048
7.292 7.05
7.291 7.05
7.288 7.051
7.286 7.051
7.285 7.051
7.283 7.053
7.28 7.053
7.278 7.055
7.277 7.055
7.274 7.056
7.272 7.056
7.27 7.056
7.269 7.058
7.266 7.058
7.264 7.058
7.263 7.059
7.261 7.059
7.259 7.061
7.258 7.061
7.258 7.061
7.256 7.061
7.255 7.063
7.255 7.063
7.253 7.063
7.253 7.064
7.252 7.064
7.252 7.064
7.25 7.064
7.25 7.066
7.25 7.066
7.25 7.066
7.25 7.066
7.25 7.067
7.25 7.067
7.25 7.067
7.25 7.067
7.25 7.067
7.252 7.069
7.252 7.069
7.253 7.069
7.253 7.069
7.255 7.069
7.256 7.069
7.258 7.07
7.259 7.07
7.259 7.07
7.261 7.07
7.263 7.07
7.264 7.072
7.266 7.072
7.269 7.072
7.27 7.072
7.272 7.072
7.274 7.072
7.275 7.074
7.277 7.074
7.278 7.074
7.28 7.074
7.283 7.074
7.285 7.074
7.286 7.075
7.288 7.075
7.289 7.075
7.289 7.075
7.291 7.075
7.292 7.077
7.294 7.077
7.294 7.077
7.296 7.077
7.296 7.078
7.297 7.078
7.297 7.078
7.299 7.078
7.299 7.08
7.299 7.08
7.299 7.08
7.299 7.08
7.299 7.081
7.299 7.081
7.299 7.081
7.299 7.083
7.299 7.083
7.299 7.083
7.299 7.083
7.297 7.085
7.297 7.085
7.297 7.085
7.297 7.086
7.296 7.086
7.296 7.086
7.294 7.088
7.294 7.088
7.292 7.088
7.292 7.089
7.291 7.089
7.291 7.089
7.289 7.091
7.288 7.091
7.288 7.091
7.286 7.091
7.285 7.092
7.283 7.092
7.281 7.092
7.281 7.094
7.28 7.094
7.278 7.094
7.277 7.096
7.275 7.096
7.274 7.096
7.272 7.096
7.27 7.097
7.269 7.097
7.267 7.097
7.266 7.099
7.264 7.099
7.263 7.099
7.261 7.099
7.259 7.099
7.259 7.1
7.258 7.1
7.258 7.1
7.256 7.1
7.256 7.102
7.256 7.102
7.256 7.102
7.256 7.102
7.256 7.102
7.256 7.104
7.256 7.104
7.258 7.104
7.258 7.104
7.259 7.104
7.259 7.105
7.261 7.105
7.263 7.105
7.263 7.105
7.264 7.105
7.266 7.105
7.267 7.105
7.269 7.107
7.27 7.107
7.27 7.107
7.272 7.107
7.274 7.107
7.275 7.107
7.277 7.107
7.277 7.108
7.278 7.108
7.28 7.108
7.28 7.108
7.281 7.108
7.281 7.108
7.283 7.108
7.283 7.11
7.283 7.11
7.283 7.11
7.283 7.11
7.283 7.11
7.283 7.11
7.281 7.111
7.281 7.111
7.281 7.111
7.28 7.111
7.278 7.111
7.278 7.113
7.277 7.113
7.275 7.113
7.274 7.113
7.272 7.115
7.27 7.115
7.269 7.115
7.267 7.115
7.266 7.115
7.263 7.116
7.261 7.116
7.259 7.116
7.256 7.116
7.255 7.116
7.253 7.118
7.25 7.118
7.248 7.118
7.245 7.118
7.244 7.118
7.241 7.119
7.239 7.119
7.236 7.119
7.234 7.119
7.231 7.119
7.228 7.119
7.226 7.121
7.223 7.121
7.22 7.121
7.219 7.121
7.215 7.121
7.212 7.121
7.211 7.121
7.207 7.121
7.204 7.122
7.201 7.122
7.2 7.122
7.196 7.122
7.193 7.122
7.19 7.122
7.187 7.122
7.184 7.122
7.181 7.122
7.179 7.122
7.176 7.122
7.173 7.122
7.17 7.122
7.168 7.122
7.165 7.122
7.162 7.122
7.16 7.122
7.157 7.122
7.154 7.122
7.152 7.122
7.151 7.122
7.148 7.122
7.146 7.122
7.144 7.122
7.143 7.121
7.141 7.121
7.14 7.121
7.138 7.121
7.137 7.121
7.135 7.121
7.133 7.121
7.133 7.119
7.132 7.119
7.132 7.119
7.13 7.119
7.13 7.119
7.13 7.119
7.13 7.118
7.13 7.118
7.13 7.118
7.13 7.118
7.13 7.118
7.13 7.116
7.13 7.116
7.13 7.116
7.13 7.116
7.132 7.116
7.132 7.115
7.132 7.115
7.132 7.115
7.132 7.115
7.132 7.115
7.132 7.113
7.132 7.113
7.132 7.113
7.132 7.113
7.132 7.111
7.132 7.111
7.13 7.111
7.13 7.111
7.13 7.111
7.129 7.111
7.129 7.11
7.127 7.11
7.127 7.11
7.126 7.11
7.124 7.11
7.124 7.108
7.122 7.108
7.121 7.108
7.119 7.108
7.118 7.108
7.118 7.108
7.116 7.107
7.115 7.107
7.113 7.107
7.111 7.107
7.108 7.107
7.107 7.107
7.105 7.107
7.104 7.105
7.1 7.105
7.099 7.105
7.096 7.105
7.094 7.105
7.091 7.105
7.088 7.105
7.085 7.104
7.081 7.104
7.078 7.104
7.075 7.104
7.072 7.104
7.069 7.104
7.064 7.102
7.061 7.102
7.056 7.102
7.053 7.102
7.05 7.102
7.045 7.1
7.04 7.1
7.037 7.1
7.033 7.1
7.029 7.1
7.025 7.099
7.022 7.099
7.017 7.099
7.012 7.099
7.009 7.097
7.006 7.097
7.001 7.097
6.998 7.097
6.995 7.096
6.993 7.096
6.99 7.096
6.988 7.094
6.987 7.094
6.985 7.094
6.984 7.092
6.982 7.092
6.982 7.091
6.982 7.091
6.982 7.091
6.982 7.089
6.982 7.089
6.982 7.088
6.982 7.088
6.984 7.088
6.985 7.086
6.985 7.086
6.987 7.085
6.988 7.085
6.992 7.083
6.993 7.083
6.995 7.083
6.998 7.081
6.999 7.081
7.003 7.08
7.006 7.08
7.009 7.078
7.012 7.078
7.014 7.077
7.017 7.077
7.02 7.077
7.023 7.075
7.026 7.075
7.029 7.074
7.033 7.074
7.036 7.074
7.039 7.072
7.042 7.072
7.044 7.072
7.047 7.07
7.05 7.07
7.051 7.07
7.055 7.069
7.056 7.069
7.058 7.069
7.059 7.069
7.061 7.067
7.063 7.067
7.064 7.067
7.066 7.067
7.066 7.067
7.067 7.066
7.067 7.066
7.067 7.066
7.069 7.066
7.069 7.066
7.069 7.066
7.069 7.066
7.067 7.066
7.067 7.066
7.067 7.064
7.066 7.064
7.066 7.064
7.064 7.064
7.064 7.064
7.063 7.064
7.063 7.064
7.061 7.064
7.059 7.064
7.058 7.064
7.058 7.064
7.056 7.064
7.055 7.064
7.053 7.064
7.051 7.064
7.05 7.064
7.048 7.064
7.047 7.064
7.045 7.064
7.044 7.064
7.042 7.064
7.04 7.064
7.037 7.064
7.036 7.064
7.034 7.064
7.033 7.064
7.031 7.064
7.028 7.064
7.026 7.064
7.025 7.064
7.023 7.064
7.022 7.064
7.02 7.064
7.018 7.064
7.018 7.064
7.017 7.063
7.017 7.063
7.017 7.063
7.017 7.063
7.018 7.063
7.02 7.063
7.022 7.063
7.023 7.063
7.026 7.063
7.029 7.063
7.033 7.063
7.036 7.061
7.039 7.061
7.044 7.061
7.048 7.061
7.051 7.061
7.056 7.061
7.061 7.061
7.066 7.059
7.07 7.059
7.077 7.059
7.081 7.059
7.086 7.059
7.092 7.059
7.097 7.059
7.104 7.059
7.11 7.059
7.116 7.059
7.122 7.059
7.129 7.058
7.135 7.058
7.141 7.058
7.148 7.058
7.154 7.058
7.16 7.058
7.167 7.058
7.173 7.059
7.178 7.059
7.184 7.059
7.19 7.059
7.195 7.059
7.2 7.059
7.204 7.059
7.209 7.059
7.214 7.061
7.217 7.061
7.222 7.061
7.225 7.061
7.228 7.063
7.231 7.063
7.234 7.063
7.236 7.064
7.239 7.064
7.241 7.064
7.242 7.066
7.244 7.066
7.245 7.067
7.247 7.067
7.248 7.067
7.248 7.069
7.25 7.069
7.25 7.07
7.25 7.07
7.25 7.072
7.25 7.072
7.25 7.074
7.25 7.074
7.25 7.075
7.25 7.077
7.248 7.077
7.248 7.078
7.247 7.078
7.247 7.08
7.245 7.08
7.245 7.081
7.244 7.081
7.244 7.083
7.242 7.085
7.241 7.085
7.241 7.086
7.239 7.086
7.237 7.088
7.236 7.088
7.234 7.089
7.233 7.089
7.233 7.091
7.231 7.091
7.23 7.092
7.228 7.092
7.226 7.094
7.226 7.094
7.225 7.096
7.223 7.096
7.223 7.097
7.223 7.097
7.222 7.097
7.222 7.099
7.222 7.099
7.223 7.1
7.223 7.1
7.225 7.102
7.226 7.102
7.228 7.102
7.23 7.104
7.231 7.104
7.234 7.104
7.237 7.105
7.239 7.105
7.242 7.105
7.247 7.107
7.25 7.107
7.255 7.107
7.258 7.108
7.263 7.108
7.267 7.108
7.272 7.11
7.277 7.11
7.281 7.11
7.286 7.111
7.292 7.111
7.297 7.111
7.303 7.111
7.308 7.113
7.314 7.113
7.319 7.113
7.326 7.115
7.33 7.115
7.337 7.116
7.341 7.116
7.346 7.116
7.352 7.118
7.357 7.118
7.362 7.118
7.366 7.119
7.371 7.119
7.374 7.121
7.379 7.121
7.382 7.122
7.387 7.122
7.39 7.124
7.393 7.124
7.396 7.126
7.399 7.126
7.403 7.127
7.406 7.129
7.407 7.129
7.41 7.13
7.412 7.13
7.414 7.132
7.415 7.133
7.418 7.133
7.42 7.135
7.42 7.137
7.421 7.137
7.423 7.138
7.425 7.14
7.425 7.14
7.426 7.141
7.428 7.143
7.428 7.143
7.428 7.144
7.429 7.146
7.429 7.148
7.431 7.148
7.431 7.149
7.431 7.151
7.431 7.151
7.432 7.152
7.432 7.154
7.432 7.156
7.432 7.156
7.432 7.157
7.432 7.159
7.432 7.16
7.434 7.16
7.434 7.162
7.434 7.163
7.434 7.163
7.434 7.165
7.434 7.167
7.434 7.168
7.434 7.168
7.434 7.17
7.434 7.171
7.434 7.171
7.434 7.173
7.434 7.174
7.434 7.174
7.434 7.176
7.436 7.178
7.436 7.178
7.436 7.179
7.436 7.181
7.436 7.181
7.436 7.182
7.436 7.184
7.437 7.184
7.437 7.185
7.437 7.185
7.437 7.187
7.437 7.189
7.437 7.189
7.437 7.19
7.437 7.19
7.439 7.192
7.439 7.193
7.439 7.193
7.439 7.195
7.439 7.195
7.439 7.196
7.439 7.196
7.44 7.198
7.442 7.2
7.442 7.2
7.442 7.201
7.443 7.201
7.443 7.203
7.445 7.203
7.445 7.204
7.447 7.204
7.447 7.206
7.447 7.206
7.448 7.207
7.448 7.207
7.448 7.209
7.448 7.209
7.447 7.211
7.447 7.211
7.445 7.212
7.445 7.212
7.443 7.214
7.442 7.214
7.44 7.215
7.439 7.215
7.437 7.217
7.434 7.217
7.431 7.219
7.429 7.219
7.426 7.22
7.421 7.22
7.418 7.222
7.415 7.222
7.41 7.222
7.407 7.223
7.403 7.223
7.398 7.225
7.393 7.225
7.388 7.226
7.384 7.226
7.377 7.226
7.373 7.228
7.366 7.228
7.362 7.228
7.355 7.23
7.349 7.23
7.343 7.231
7.337 7.231
7.33 7.231
7.324 7.231
7.318 7.233
7.311 7.233
7.303 7.233
7.297 7.233
7.289 7.234
7.283 7.234
7.275 7.234
7.269 7.234
7.261 7.234
7.253 7.234
7.245 7.234
7.239 7.234
7.231 7.234
7.223 7.234
7.215 7.234
7.207 7.234
7.2 7.234
7.192 7.234
7.185 7.234
7.178 7.234
7.17 7.234
7.16 7.233
7.152 7.233
7.144 7.233
7.137 7.233
7.129 7.231
7.121 7.231
7.113 7.231
7.105 7.23
7.097 7.23
7.089 7.23
7.081 7.228
7.074 7.228
7.067 7.226
7.059 7.226
7.053 7.225
7.047 7.223
7.04 7.223
7.034 7.222
7.028 7.222
7.023 7.22
7.018 7.219
7.012 7.217
7.009 7.217
7.004 7.215
7.001 7.214
6.998 7.212
6.995 7.212
6.992 7.211
6.988 7.209
6.985 7.207
6.984 7.206
6.98 7.204
6.979 7.203
6.976 7.201
6.974 7.201
6.973 7.2
6.969 7.198
6.968 7.196
6.965 7.195
6.963 7.193
6.96 7.192
6.957 7.19
6.955 7.189
6.952 7.187
6.949 7.185
6.946 7.184
6.943 7.182
6.939 7.181
6.936 7.179
6.933 7.178
6.93 7.176
6.927 7.174
6.924 7.173
6.92 7.171
6.917 7.17
6.913 7.168
6.909 7.167
6.906 7.165
6.902 7.163
6.898 7.162
6.894 7.16
6.89 7.159
6.886 7.159
6.883 7.157
6.878 7.156
6.873 7.154
6.868 7.152
6.864 7.151
6.859 7.149
6.854 7.148
6.849 7.146
6.845 7.144
6.84 7.143
6.835 7.141
6.829 7.14
6.824 7.138
6.819 7.137
6.813 7.135
6.808 7.133
6.802 7.132
6.797 7.13
6.791 7.129
6.786 7.127
6.78 7.126
6.773 7.124
6.769 7.122
6.762 7.121
6.756 7.119
6.75 7.118
6.745 7.116
6.739 7.115
6.732 7.113
6.728 7.111
6.721 7.11
6.715 7.108
6.71 7.107
6.704 7.105
6.699 7.104
6.693 7.1
6.688 7.099
6.683 7.097
6.679 7.096
6.672 7.094
6.667 7.092
6.663 7.091
6.658 7.089
6.653 7.086
6.65 7.085
6.645 7.083
6.642 7.081
6.637 7.08
6.634 7.077
6.631 7.075
6.628 7.074
6.625 7.072
6.623 7.07
6.62 7.067
6.618 7.066
6.615 7.064
6.614 7.061
6.612 7.059
6.61 7.058
6.609 7.056
6.607 7.053
6.606 7.051
6.606 7.05
6.604 7.048
6.604 7.045
6.602 7.044
6.602 7.042
6.602 7.04
6.601 7.037
6.601 7.036
6.601 7.034
6.599 7.033
6.599 7.031
6.599 7.028
6.599 7.026
6.599 7.025
6.598 7.023
6.598 7.022
6.598 7.018
6.598 7.017
6.596 7.015
6.596 7.014
6.595 7.012
6.595 7.01
6.593 7.009
6.593 7.007
6.591 7.004
6.591 7.003
6.59 7.001
6.588 6.999
6.587 6.998
6.585 6.996
6.583 6.995
6.582 6.993
6.58 6.992
6.579 6.99
6.577 6.988
6.576 6.987
6.574 6.985
6.571 6.984
6.569 6.982
6.568 6.982
6.564 6.98
6.563 6.979
6.56 6.977
6.558 6.976
6.555 6.974
6.553 6.973
6.55 6.971
6.547 6.969
6.545 6.968
6.542 6.966
6.539 6.966
6.537 6.965
6.534 6.963
6.531 6.962
6.528 6.96
6.526 6.958
6.523 6.957
6.52 6.955
6.517 6.955
6.514 6.954
6.511 6.952
6.507 6.95
6.504 6.949
6.501 6.947
6.498 6.946
6.495 6.944
6.491 6.944
6.488 6.943
6.485 6.941
6.482 6.939
6.479 6.938
6.476 6.936
6.472 6.935
6.469 6.933
6.466 6.933
6.463 6.932
6.46 6.93
6.458 6.928
6.455 6.927
6.452 6.925
6.449 6.924
6.447 6.922
6.444 6.92
6.442 6.919
6.441 6.917
6.438 6.917
6.436 6.916
6.434 6.914
6.433 6.913
6.431 6.911
6.43 6.909
6.428 6.908
6.426 6.906
6.426 6.905
6.425 6.903
6.425 6.902
6.423 6.9
6.423 6.898
6.422 6.897
6.422 6.897
6.42 6.895
6.42 6.894
6.42 6.892
6.418 6.89
6.418 6.889
6.417 6.887
6.417 6.886
6.415 6.884
6.414 6.883
6.414 6.881
6.412 6.879
6.411 6.879
6.411 6.878
6.409 6.876
6.407 6.875
6.406 6.873
6.404 6.872
6.403 6.87
6.401 6.868
6.399 6.868
6.398 6.867
6.396 6.865
6.395 6.864
6.393 6.862
6.391 6.86
6.388 6.86
6.387 6.859
6.385 6.857
6.382 6.856
6.38 6.854
6.377 6.854
6.376 6.853
6.372 6.851
6.371 6.849
6.368 6.848
6.366 6.848
6.363 6.846
6.361 6.845
6.358 6.843
6.355 6.843
6.353 6.841
6.35 6.84
6.349 6.838
6.345 6.837
6.342 6.837
6.341 6.835
6.337 6.834
6.334 6.832
6.331 6.83
6.33 6.83
6.326 6.829
6.323 6.827
6.322 6.826
6.318 6.826
6.315 6.824
6.312 6.823
6.31 6.821
6.307 6.819
6.304 6.819
6.301 6.818
6.298 6.816
6.296 6.815
6.293 6.813
6.29 6.811
6.288 6.811
6.285 6.81
6.282 6.808
6.28 6.807
6.277 6.805
6.274 6.804
6.272 6.804
6.269 6.802
6.267 6.8
6.266 6.799
6.263 6.797
6.261 6.796
6.26 6.796
6.256 6.794
6.255 6.792
6.253 6.791
6.252 6.789
6.25 6.788
6.25 6.786
6.248 6.786
6.247 6.785
6.247 6.783
6.245 6.781
6.245 6.78
6.245 6.778
6.244 6.777
6.244 6.777
6.245 6.775
6.245 6.773
6.245 6.772
6.245 6.77
6.245 6.769
6.245 6.767
6.247 6.767
6.247 6.766
6.248 6.764
6.248 6.762
6.248 6.761
6.25 6.759
6.25 6.759
6.25 6.758
6.252 6.756
6.25 6.755
6.252 6.755
6.253 6.753
6.253 6.751
6.253 6.75
6.253 6.75
6.253 6.748
6.253 6.747
6.253 6.745
6.253 6.745
6.252 6.743
6.252 6.742
6.25 6.742
6.248 6.74
6.248 6.739
6.247 6.739
6.245 6.737
6.245 6.736
6.244 6.736
6.242 6.734
6.242 6.734
6.24 6.732
6.239 6.731
6.236 6.731
6.236 6.729
6.234 6.728
6.232 6.728
6.231 6.726
6.229 6.726
6.228 6.724
6.225 6.724
6.223 6.723
6.22 6.721
6.218 6.721
6.217 6.72
6.215 6.72
6.213 6.718
6.21 6.718
6.209 6.717
6.205 6.715
6.204 6.715
6.201 6.713
6.199 6.713
6.196 6.712
6.194 6.712
6.191 6.71
6.188 6.709
6.186 6.709
6.183 6.707
6.182 6.707
6.178 6.705
6.177 6.704
6.174 6.704
6.17 6.702
6.169 6.702
6.166 6.701
6.164 6.699
6.161 6.699
6.158 6.698
6.154 6.696
6.151 6.696
6.15 6.694
6.148 6.693
6.147 6.693
6.145 6.691
6.143 6.69
6.14 6.69
6.139 6.688
6.137 6.686
6.137 6.686
6.135 6.685
6.134 6.683
6.132 6.683
6.132 6.682
6.132 6.68
6.131 6.68
6.131 6.679
6.131 6.677
6.131 6.675
6.131 6.675
6.131 6.674
6.132 6.672
6.132 6.672
6.134 6.671
6.134 6.669
6.135 6.669
6.135 6.667
6.135 6.666
6.135 6.666
6.137 6.664
6.139 6.663
6.139 6.661
6.14 6.661
6.14 6.66
6.14 6.658
6.142 6.658
6.143 6.656
6.143 6.656
6.145 6.655
6.147 6.653
6.147 6.653
6.148 6.652
6.15 6.652
6.15 6.65
6.15 6.648
6.15 6.648
6.151 6.647
6.15 6.647
6.15 6.645
6.151 6.645
6.151 6.644
6.15 6.644
6.151 6.642
6.151 6.642
6.15 6.641
6.15 6.641
6.15 6.639
6.148 6.639
6.148 6.637
6.147 6.637
6.147 6.636
6.145 6.636
6.143 6.634
6.143 6.634
6.143 6.634
6.142 6.633
6.142 6.633
6.14 6.631
6.139 6.631
6.137 6.629
6.135 6.629
6.134 6.629
6.132 6.628
6.132 6.628
6.131 6.626
6.129 6.626
6.126 6.626
6.124 6.625
6.124 6.625
6.123 6.623
6.121 6.623
6.118 6.623
6.116 6.622
6.113 6.622
6.111 6.62
6.11 6.62
6.108 6.618
6.107 6.618
6.105 6.618
6.104 6.617
6.102 6.617
6.1 6.615
6.097 6.615
6.096 6.614
6.094 6.614
6.094 6.614
6.092 6.612
6.091 6.612
6.091 6.61
6.089 6.61
6.089 6.609
6.088 6.609
6.086 6.607
6.086 6.607
6.086 6.606
6.086 6.606
6.086 6.604
6.086 6.604
6.088 6.602
6.088 6.602
6.088 6.601
6.089 6.601
6.089 6.599
6.091 6.599
6.091 6.598
6.094 6.598
6.094 6.596
6.096 6.596
6.097 6.595
6.099 6.595
6.1 6.593
6.102 6.593
6.104 6.593
6.107 6.591
6.108 6.591
6.111 6.59
6.111 6.59
6.115 6.588
6.116 6.588
6.119 6.587
6.121 6.587
6.124 6.587
6.126 6.585
6.129 6.585
6.132 6.583
6.134 6.583
6.135 6.583
6.139 6.582
6.14 6.582
6.142 6.582
6.143 6.58
6.147 6.58
6.148 6.58
6.15 6.579
6.151 6.579
6.153 6.579
6.154 6.579
6.156 6.577
6.158 6.577
6.159 6.577
6.161 6.577
6.161 6.576
6.162 6.576
6.164 6.576
6.164 6.576
6.166 6.576
6.166 6.574
6.166 6.574
6.167 6.574
6.167 6.574
6.167 6.574
6.167 6.574
6.167 6.574
6.167 6.574
6.167 6.572
6.167 6.572
6.167 6.572
6.167 6.572
6.167 6.572
6.167 6.572
6.167 6.572
6.167 6.572
6.167 6.572
6.167 6.571
6.167 6.571
6.167 6.571
6.167 6.571
6.167 6.571
6.167 6.571
6.167 6.571
6.167 6.571
6.167 6.571
6.167 6.571
6.167 6.569
6.167 6.569
6.167 6.569
6.167 6.569
6.167 6.569
6.167 6.569
6.169 6.569
6.169 6.569
6.169 6.569
6.17 6.568
6.17 6.568
6.17 6.568
6.172 6.568
6.174 6.568
6.174 6.568
6.175 6.568
6.177 6.568
6.177 6.568
6.178 6.566
6.18 6.566
6.182 6.566
6.183 6.566
6.185 6.566
6.186 6.566
6.19 6.566
6.191 6.566
6.194 6.564
6.196 6.564
6.199 6.564
6.201 6.564
6.204 6.564
6.205 6.564
6.209 6.564
6.212 6.564
6.215 6.564
6.218 6.564
6.221 6.564
6.223 6.563
6.228 6.563
6.231 6.563
6.234 6.563
6.237 6.563
6.24 6.563
6.244 6.563
6.247 6.563
6.25 6.563
6.253 6.563
6.256 6.563
6.258 6.563
6.261 6.563
6.264 6.563
6.267 6.563
6.269 6.563
6.272 6.563
6.274 6.563
6.275 6.564
6.279 6.564
6.28 6.564
6.282 6.564
6.283 6.564
6.285 6.564
6.287 6.564
6.288 6.564
6.29 6.564
6.29 6.566
6.291 6.566
6.291 6.566
6.293 6.566
6.293 6.566
6.293 6.566
6.293 6.568
6.293 6.568
6.293 6.568
6.293 6.568
6.293 6.568
6.293 6.569
6.293 6.569
6.291 6.569
6.291 6.569
6.291 6.571
6.29 6.571
6.29 6.571
6.288 6.571
6.288 6.571
6.287 6.571
6.287 6.572
6.285 6.572
6.285 6.572
6.283 6.572
6.283 6.572
6.282 6.574
6.28 6.574
6.28 6.574
6.279 6.574
6.279 6.574
6.277 6.574
6.275 6.574
6.274 6.576
6.274 6.576
6.272 6.576
6.271 6.576
6.271 6.576
6.269 6.576
6.269 6.576
6.267 6.576
6.267 6.576
6.267 6.576
6.266 6.576
6.266 6.577
6.266 6.577
6.266 6.577
6.267 6.577
6.267 6.577
6.267 6.577
6.269 6.577
6.269 6.577
6.271 6.577
6.272 6.577
6.274 6.577
6.275 6.577
6.277 6.577
6.279 6.577
6.282 6.577
6.283 6.577
6.287 6.577
6.288 6.577
6.291 6.577
6.295 6.577
6.298 6.577
6.299 6.577
6.302 6.577
6.306 6.577
6.309 6.576
6.312 6.576
6.315 6.576
6.318 6.576
6.322 6.576
6.325 6.577
6.328 6.577
6.331 6.577
6.334 6.577
6.337 6.577
6.341 6.577
6.344 6.577
6.347 6.577
6.35 6.577
6.353 6.577
6.357 6.577
6.358 6.577
6.361 6.577
6.364 6.577
6.366 6.579
6.369 6.579
6.372 6.579
6.374 6.579
6.377 6.579
6.379 6.579
6.38 6.58
6.384 6.58
6.385 6.58
6.387 6.58
6.388 6.58
6.39 6.582
6.393 6.582
6.395 6.582
6.396 6.582
6.398 6.583
6.399 6.583
6.401 6.583
6.403 6.585
6.404 6.585
6.406 6.585
6.407 6.585
6.409 6.587
6.411 6.587
6.412 6.587
6.414 6.588
6.415 6.588
6.417 6.588
6.418 6.588
6.42 6.59
6.422 6.59
6.423 6.59
6.425 6.591
6.426 6.591
6.428 6.591
6.428 6.593
6.43 6.593
6.431 6.593
6.433 6.595
6.434 6.595
6.436 6.595
6.438 6.596
6.439 6.596
6.441 6.596
6.442 6.598
6.444 6.598
6.445 6.598
6.447 6.599
6.449 6.599
6.45 6.599
6.452 6.601
6.453 6.601
6.455 6.601
6.457 6.602
6.458 6.602
6.461 6.602
6.463 6.604
6.465 6.604
6.466 6.604
6.469 6.606
6.471 6.606
6.474 6.606
6.476 6.607
6.479 6.607
6.482 6.607
6.485 6.609
6.487 6.609
6.49 6.609
6.493 6.61
6.496 6.61
6.499 6.61
6.503 6.612
6.506 6.612
6.509 6.612
6.512 6.614
6.515 6.614
6.518 6.614
6.522 6.615
6.526 6.615
6.53 6.617
6.533 6.617
6.536 6.617
6.539 6.618
6.542 6.618
6.545 6.62
6.549 6.62
6.552 6.62
6.555 6.622
6.558 6.622
6.561 6.623
6.564 6.623
6.568 6.625
6.571 6.625
6.574 6.625
6.577 6.626
6.579 6.626
6.582 6.628
6.585 6.628
6.588 6.629
6.59 6.629
6.593 6.631
6.595 6.631
6.596 6.633
6.599 6.633
6.601 6.634
6.602 6.634
6.604 6.636
6.606 6.637
6.607 6.637
6.609 6.639
6.61 6.639
6.612 6.641
6.614 6.641
6.614 6.642
6.615 6.642
6.617 6.644
6.617 6.644
6.618 6.645
6.618 6.647
6.62 6.647
6.62 6.648
6.62 6.648
6.622 6.65
6.622 6.65
6.622 6.652
6.623 6.653
6.623 6.653
6.623 6.655
6.623 6.655
6.623 6.656
6.623 6.656
6.623 6.658
6.623 6.658
6.623 6.66
6.623 6.66
6.623 6.661
6.623 6.661
6.623 6.663
6.623 6.663
6.623 6.664
6.623 6.664
6.622 6.666
6.622 6.666
6.622 6.667
6.623 6.667
6.623 6.669
6.623 6.669
6.623 6.671
6.625 6.671
6.625 6.672
6.626 6.672
6.628 6.672
6.629 6.674
6.631 6.674
6.633 6.675
6.636 6.675
6.639 6.677
6.641 6.677
6.644 6.677
6.648 6.679
6.652 6.679
6.656 6.679
6.66 6.68
6.664 6.68
6.669 6.682
6.674 6.682
6.679 6.682
6.685 6.683
6.69 6.683
6.696 6.683
6.701 6.685
6.707 6.685
6.713 6.686
6.72 6.686
6.726 6.686
6.732 6.688
6.74 6.688
6.747 6.69
6.753 6.69
6.759 6.691
6.766 6.691
6.772 6.693
6.778 6.693
6.785 6.693
6.791 6.694
6.797 6.696
6.804 6.696
6.808 6.698
6.815 6.698
6.819 6.699
6.824 6.699
6.829 6.701
6.834 6.702
6.838 6.702
6.841 6.704
6.846 6.705
6.849 6.707
6.853 6.707
6.856 6.709
6.859 6.71
6.862 6.712
6.865 6.712
6.867 6.713
6.87 6.715
6.872 6.717
6.873 6.718
6.875 6.718
6.878 6.72
6.879 6.721
6.879 6.723
6.881 6.724
6.883 6.726
6.883 6.728
6.884 6.728
6.884 6.729
6.886 6.731
6.886 6.732
6.887 6.734
6.887 6.736
6.887 6.737
6.887 6.739
6.887 6.739
6.887 6.74
6.887 6.742
6.887 6.743
6.887 6.745
6.887 6.747
6.887 6.748
6.887 6.748
6.887 6.75
6.887 6.751
6.886 6.753
6.886 6.755
6.886 6.755
6.886 6.756
6.884 6.758
6.884 6.759
6.884 6.761
6.884 6.761
6.884 6.762
6.884 6.764
6.884 6.766
6.884 6.766
6.884 6.767
6.886 6.769
6.887 6.769
6.887 6.77
6.889 6.772
6.892 6.772
6.894 6.773
6.897 6.775
6.9 6.775
6.905 6.777
6.909 6.777
6.914 6.778
6.919 6.78
6.925 6.78
6.932 6.781
6.938 6.781
6.946 6.783
6.954 6.785
6.962 6.785
6.971 6.786
6.98 6.786
6.99 6.788
6.999 6.789
7.009 6.789
7.02 6.791
7.029 6.791
7.04 6.792
7.051 6.794
7.063 6.794
7.072 6.796
7.083 6.797
7.092 6.797
7.104 6.799
7.113 6.8
7.124 6.802
7.133 6.802
7.141 6.804
7.151 6.805
7.159 6.807
7.168 6.808
7.174 6.81
7.182 6.811
7.19 6.813
7.196 6.815
7.203 6.816
7.209 6.818
7.214 6.819
7.22 6.821
7.225 6.823
7.23 6.824
7.233 6.826
7.237 6.827
7.241 6.83
7.245 6.832
7.248 6.834
7.25 6.835
7.253 6.838
7.256 6.84
7.258 6.841
7.259 6.845
7.261 6.846
7.264 6.848
7.264 6.851
7.266 6.853
7.267 6.854
7.269 6.857
7.27 6.859
7.27 6.86
7.272 6.864
7.272 6.865
7.272 6.867
7.274 6.87
7.274 6.872
7.274 6.873
7.275 6.876
7.275 6.878
7.274 6.879
7.274 6.883
7.274 6.884
7.272 6.886
7.272 6.889
7.272 6.89
7.272 6.892
7.272 6.894
7.272 6.897
7.272 6.898
7.272 6.9
7.272 6.902
7.27 6.905
7.27 6.906
7.27 6.908
7.27 6.909
7.27 6.911
7.272 6.913
7.272 6.914
7.272 6.917
7.274 6.919
7.275 6.92
7.275 6.922
7.278 6.924
7.28 6.925
7.283 6.927
7.285 6.928
7.289 6.93
7.292 6.932
7.297 6.933
7.302 6.935
7.307 6.936
7.313 6.938
7.319 6.939
7.327 6.941
7.335 6.941
7.343 6.943
7.352 6.944
7.362 6.946
7.371 6.947
7.381 6.949
7.392 6.95
7.403 6.952
7.414 6.954
7.425 6.955
7.436 6.957
7.447 6.958
7.459 6.96
7.47 6.962
7.481 6.962
7.494 6.963
7.505 6.965
7.516 6.966
7.527 6.969
7.538 6.971
7.547 6.973
7.556 6.974
7.566 6.976
7.575 6.977
7.585 6.979
7.592 6.982
7.6 6.984
7.607 6.985
7.614 6.987
7.621 6.99
7.627 6.992
7.632 6.995
7.638 6.996
7.643 6.998
7.647 7.001
7.652 7.003
7.655 7.006
7.658 7.007
7.663 7.01
7.665 7.014
7.668 7.015
7.671 7.018
7.674 7.02
7.676 7.023
7.677 7.026
7.679 7.028
7.68 7.031
7.682 7.034
7.683 7.036
7.685 7.039
7.687 7.042
7.687 7.044
7.688 7.047
7.688 7.05
7.688 7.051
7.69 7.055
7.69 7.056
7.69 7.059
7.69 7.063
7.691 7.064
7.691 7.067
7.691 7.07
7.691 7.072
7.691 7.075
7.691 7.077
7.691 7.08
7.691 7.081
7.69 7.085
7.69 7.088
7.69 7.089
7.69 7.092
7.69 7.094
7.69 7.097
7.69 7.099
7.688 7.1
7.688 7.104
7.688 7.105
7.69 7.108
7.69 7.11
7.69 7.111
7.691 7.115
7.691 7.116
7.693 7.118
7.694 7.121
7.696 7.122
7.699 7.124
7.702 7.127
7.705 7.129
7.708 7.13
7.713 7.132
7.718 7.135
7.724 7.137
7.729 7.138
7.737 7.14
7.743 7.141
7.751 7.143
7.76 7.146
7.768 7.148
7.777 7.149
7.788 7.151
7.798 7.152
7.809 7.154
7.821 7.156
7.832 7.159
7.843 7.16
7.856 7.162
7.868 7.163
7.881 7.165
7.893 7.167
7.906 7.17
7.918 7.171
7.929 7.173
7.942 7.174
7.954 7.178
7.965 7.179
7.976 7.181
7.987 7.184
7.998 7.185
8.009 7.187
8.018 7.19
8.028 7.192
8.037 7.195
8.046 7.196
8.054 7.2
8.062 7.201
8.07 7.204
8.078 7.206
8.084 7.209
8.09 7.212
8.095 7.214
8.101 7.217
8.106 7.22
8.11 7.223
8.115 7.225
8.12 7.228
8.123 7.231
8.127 7.234
8.131 7.237
8.134 7.241
8.135 7.242
8.138 7.245
8.142 7.248
8.143 7.252
8.145 7.255
8.148 7.258
8.149 7.261
8.151 7.264
8.151 7.267
8.152 7.27
8.154 7.274
8.154 7.277
8.156 7.28
8.156 7.283
8.157 7.286
8.157 7.288
8.157 7.291
8.157 7.294
8.157 7.297
8.157 7.3
8.157 7.303
8.157 7.307
8.157 7.31
8.157 7.313
8.157 7.316
8.157 7.318
8.157 7.321
8.156 7.324
8.156 7.327
8.156 7.329
8.156 7.332
8.156 7.335
8.154 7.338
8.154 7.34
8.154 7.343
8.154 7.346
8.156 7.348
8.156 7.351
8.156 7.354
8.157 7.355
8.159 7.359
8.16 7.36
8.162 7.363
8.165 7.366
8.166 7.368
8.171 7.371
8.174 7.373
8.179 7.376
8.184 7.377
8.19 7.381
8.195 7.382
8.202 7.384
8.21 7.387
8.218 7.388
8.226 7.392
8.235 7.393
8.244 7.395
8.254 7.398
8.265 7.399
8.276 7.403
8.286 7.404
8.299 7.406
8.31 7.409
8.322 7.41
8.333 7.414
8.346 7.415
8.358 7.417
8.369 7.42
8.381 7.421
8.392 7.425
8.405 7.426
8.416 7.429
8.427 7.431
8.436 7.434
8.447 7.436
8.456 7.439
8.465 7.44
8.475 7.443
8.483 7.447
8.49 7.448
8.498 7.451
8.506 7.454
8.512 7.456
8.518 7.459
8.525 7.462
8.531 7.465
8.535 7.469
8.54 7.472
8.545 7.473
8.548 7.476
8.551 7.479
8.556 7.483
8.557 7.486
8.56 7.489
8.563 7.492
8.565 7.495
8.567 7.498
8.568 7.501
8.57 7.505
8.571 7.508
8.573 7.511
8.573 7.514
8.574 7.519
8.574 7.522
8.574 7.525
8.574 7.528
8.574 7.531
8.574 7.534
8.574 7.538
8.574 7.541
8.574 7.544
8.573 7.547
8.573 7.55
8.571 7.553
8.571 7.556
8.57 7.56
8.57 7.563
8.568 7.566
8.568 7.569
8.567 7.572
8.565 7.575
8.563 7.578
8.563 7.58
8.562 7.583
8.56 7.586
8.559 7.589
8.557 7.592
8.557 7.596
8.556 7.597
8.554 7.6
8.554 7.603
8.554 7.607
8.553 7.608
8.553 7.611
8.553 7.614
8.553 7.616
8.553 7.619
8.554 7.622
8.556 7.624
8.557 7.627
8.559 7.629
8.562 7.632
8.565 7.633
8.57 7.636
8.574 7.638
8.579 7.641
8.585 7.643
8.591 7.646
8.598 7.647
8.605 7.651
8.613 7.652
8.622 7.655
8.632 7.657
8.641 7.658
8.65 7.661
8.66 7.663
8.671 7.665
8.68 7.668
8.691 7.669
8.7 7.672
8.711 7.674
8.72 7.676
8.73 7.679
8.739 7.68
8.747 7.683
8.756 7.685
8.764 7.688
8.771 7.69
8.779 7.693
8.787 7.694
8.795 7.698
8.801 7.699
8.807 7.702
8.813 7.704
8.82 7.707
8.824 7.71
8.83 7.712
8.835 7.715
8.84 7.718
8.844 7.719
8.847 7.723
8.852 7.726
8.855 7.729
8.858 7.73
8.861 7.734
8.864 7.737
8.868 7.74
8.871 7.743
8.872 7.745
8.874 7.748
8.875 7.751
8.877 7.754
8.878 7.757
8.88 7.76
8.882 7.763
8.882 7.766
8.883 7.768
8.883 7.771
8.883 7.774
8.885 7.777
8.885 7.781
8.885 7.784
8.885 7.787
8.885 7.79
8.885 7.793
8.883 7.795
8.883 7.798
8.883 7.801
8.883 7.804
8.882 7.807
8.882 7.81
8.88 7.812
8.88 7.815
8.878 7.818
8.878 7.821
8.877 7.824
8.875 7.826
8.875 7.829
8.874 7.832
8.872 7.835
8.872 7.837
8.871 7.84
8.869 7.843
8.869 7.845
8.868 7.848
8.868 7.851
8.866 7.853
8.866 7.856
8.866 7.857
8.866 7.86
8.866 7.863
8.866 7.865
8.866 7.868
8.868 7.87
8.869 7.873
8.869 7.874
8.871 7.878
8.872 7.879
8.875 7.881
8.877 7.884
8.88 7.885
8.882 7.888
8.885 7.89
8.888 7.893
8.892 7.895
8.895 7.896
8.9 7.899
8.903 7.901
8.908 7.903
8.913 7.906
8.919 7.907
8.923 7.909
8.928 7.912
8.934 7.913
8.94 7.915
8.945 7.917
8.951 7.92
8.959 7.921
8.965 7.923
8.971 7.926
8.978 7.928
8.984 7.929
8.991 7.932
8.998 7.934
9.004 7.935
9.01 7.939
9.016 7.94
9.022 7.942
9.029 7.945
9.033 7.946
9.039 7.949
9.044 7.951
9.049 7.953
9.053 7.956
9.058 7.957
9.063 7.96
9.066 7.962
9.07 7.965
9.074 7.967
9.077 7.97
9.08 7.971
9.083 7.974
9.084 7.976
9.087 7.979
9.089 7.981
9.091 7.984
9.092 7.985
9.094 7.989
9.095 7.992
9.097 7.993
9.097 7.996
9.098 7.998
9.098 8.001
9.098 8.004
9.098 8.006
9.1 8.009
9.1 8.01
9.1 8.014
9.1 8.017
9.098 8.018
9.098 8.021
9.098 8.024
9.098 8.026
9.097 8.029
9.097 8.031
9.095 8.034
9.095 8.037
9.094 8.038
9.092 8.042
9.091 8.043
9.091 8.046
9.089 8.048
9.087 8.051
9.086 8.053
9.084 8.056
9.083 8.057
9.081 8.06
9.078 8.062
9.077 8.065
9.075 8.067
9.074 8.07
9.074 8.071
9.072 8.074
9.07 8.076
9.069 8.079
9.069 8.081
9.067 8.082
9.067 8.085
9.067 8.087
9.069 8.088
9.069 8.092
9.07 8.093
9.072 8.095
9.075 8.098
9.078 8.099
9.081 8.101
9.086 8.103
9.091 8.106
9.095 8.107
9.101 8.109
9.109 8.11
9.117 8.112
9.125 8.115
9.132 8.117
9.142 8.118
9.151 8.12
9.162 8.121
9.172 8.123
9.183 8.126
9.194 8.127
9.205 8.129
9.217 8.131
9.228 8.132
9.24 8.134
9.253 8.137
9.264 8.138
9.274 8.14
9.287 8.142
9.298 8.145
9.308 8.146
9.318 8.148
9.327 8.151
9.338 8.152
9.345 8.154
9.355 8.157
9.362 8.159
9.37 8.162
9.376 8.163
9.382 8.166
9.389 8.168
9.395 8.171
9.399 8.173
9.404 8.176
9.407 8.177
9.412 8.181
9.415 8.184
9.416 8.187
9.42 8.188
9.421 8.191
9.423 8.195
9.424 8.198
9.424 8.201
9.426 8.202
9.426 8.205
9.426 8.209
9.424 8.212
9.424 8.215
9.423 8.218
9.421 8.221
9.42 8.224
9.418 8.227
9.416 8.229
9.415 8.232
9.412 8.235
9.409 8.238
9.407 8.241
9.404 8.244
9.401 8.248
9.398 8.251
9.395 8.254
9.392 8.257
9.387 8.258
9.384 8.262
9.379 8.265
9.376 8.268
9.372 8.271
9.369 8.272
9.364 8.276
9.359 8.279
9.355 8.282
9.352 8.283
9.347 8.286
9.342 8.29
9.338 8.291
9.335 8.294
9.33 8.297
9.325 8.299
9.322 8.302
9.318 8.304
9.315 8.307
9.311 8.308
9.308 8.311
9.307 8.313
9.304 8.315
9.302 8.318
9.301 8.319
9.299 8.322
9.299 8.324
9.299 8.325
9.301 8.327
9.302 8.33
9.304 8.332
9.305 8.333
9.31 8.335
9.313 8.336
9.318 8.339
9.324 8.341
9.33 8.343
9.336 8.344
9.344 8.346
9.352 8.347
9.361 8.349
9.37 8.35
9.379 8.352
9.389 8.353
9.399 8.355
9.41 8.357
9.42 8.358
9.43 8.36
9.443 8.361
9.453 8.363
9.464 8.366
9.475 8.367
9.484 8.369
9.495 8.371
9.506 8.372
9.515 8.374
9.524 8.375
9.534 8.377
9.541 8.38
9.549 8.381
9.557 8.383
9.563 8.385
9.569 8.388
9.575 8.389
9.581 8.391
9.586 8.394
9.589 8.395
9.592 8.397
9.595 8.4
9.598 8.402
9.6 8.405
9.601 8.406
9.603 8.409
9.604 8.413
9.604 8.414
9.604 8.417
9.604 8.42
9.603 8.422
9.601 8.425
9.601 8.428
9.6 8.43
9.598 8.433
9.595 8.436
9.594 8.438
9.591 8.441
9.589 8.444
9.586 8.447
9.583 8.448
9.58 8.452
9.577 8.455
9.574 8.456
9.569 8.459
9.566 8.462
9.563 8.465
9.558 8.467
9.555 8.47
9.552 8.473
9.547 8.475
9.543 8.478
9.54 8.479
9.535 8.483
9.531 8.486
9.527 8.487
9.523 8.49
9.518 8.492
9.515 8.495
9.51 8.497
9.506 8.5
9.503 8.501
9.498 8.503
9.495 8.506
9.49 8.507
9.487 8.511
9.484 8.512
9.481 8.514
9.478 8.515
9.475 8.518
9.472 8.52
9.47 8.521
9.467 8.523
9.467 8.526
9.466 8.528
9.464 8.529
9.464 8.531
9.466 8.532
9.466 8.534
9.467 8.535
9.47 8.537
9.473 8.539
9.477 8.54
9.481 8.542
9.486 8.543
9.492 8.545
9.498 8.546
9.504 8.548
9.512 8.549
9.52 8.551
9.529 8.553
9.538 8.554
9.547 8.556
9.557 8.556
9.567 8.557
9.577 8.559
9.588 8.56
9.598 8.562
9.609 8.563
9.618 8.565
9.629 8.567
9.64 8.568
9.651 8.57
9.66 8.571
9.669 8.573
9.678 8.574
9.688 8.576
9.697 8.577
9.705 8.579
9.712 8.581
9.718 8.582
9.726 8.584
9.732 8.585
9.737 8.587
9.743 8.59
9.746 8.591
9.751 8.593
9.755 8.596
9.758 8.598
9.76 8.599
9.763 8.602
9.765 8.604
9.766 8.607
9.768 8.608
9.769 8.612
9.769 8.613
9.771 8.616
9.771 8.618
9.771 8.621
9.771 8.622
9.769 8.626
9.769 8.627
9.768 8.63
9.768 8.633
9.766 8.635
9.765 8.638
9.763 8.64
9.761 8.643
9.76 8.646
9.758 8.647
9.755 8.65
9.754 8.654
9.752 8.655
9.749 8.658
9.748 8.66
9.745 8.663
9.743 8.666
9.74 8.668
9.738 8.671
9.735 8.672
9.734 8.675
9.731 8.677
9.729 8.68
9.728 8.681
9.725 8.685
9.723 8.686
9.72 8.689
9.718 8.691
9.717 8.694
9.715 8.695
9.714 8.697
9.712 8.7
9.711 8.702
9.711 8.703
9.709 8.706
9.709 8.708
9.709 8.709
9.709 8.713
9.711 8.714
9.712 8.716
9.712 8.717
9.715 8.72
9.717 8.722
9.718 8.723
9.721 8.725
9.725 8.726
9.728 8.73
9.731 8.731
9.735 8.733
9.738 8.734
9.743 8.736
9.748 8.737
9.751 8.739
9.758 8.74
9.768 8.742
9.785 8.745
9.801 8.747
9.805 8.748
9.809 8.75
9.817 8.751
9.823 8.754
9.829 8.756
9.832 8.758
9.837 8.759
9.84 8.762
9.843 8.764
9.848 8.765
9.852 8.767
9.858 8.77
9.863 8.771
9.869 8.773
9.875 8.776
9.881 8.778
9.888 8.779
9.894 8.781
9.9 8.784
9.906 8.785
9.912 8.787
9.918 8.79
9.923 8.792
9.929 8.793
9.934 8.796
9.938 8.798
9.943 8.799
9.947 8.802
9.952 8.804
9.955 8.806
9.96 8.809
9.961 8.81
9.964 8.813
9.967 8.815
9.969 8.816
9.97 8.82
9.97 8.821
9.972 8.824
9.972 8.826
9.972 8.829
9.97 8.83
9.97 8.833
9.969 8.835
9.967 8.838
9.966 8.84
9.964 8.843
9.961 8.844
9.96 8.847
9.957 8.849
9.954 8.852
9.95 8.854
9.947 8.857
9.944 8.858
9.94 8.861
9.937 8.863
9.932 8.866
9.929 8.868
9.924 8.871
9.92 8.872
9.917 8.874
9.912 8.877
9.907 8.878
9.903 8.88
9.898 8.883
9.894 8.885
9.889 8.886
9.883 8.889
9.878 8.891
9.874 8.892
9.869 8.894
9.864 8.897
9.86 8.899
9.855 8.9
9.851 8.902
9.846 8.903
9.841 8.905
9.838 8.906
9.834 8.908
9.829 8.909
9.826 8.911
9.823 8.913
9.82 8.914
9.817 8.916
9.814 8.917
9.811 8.919
9.809 8.919
9.806 8.92
9.805 8.922
9.803 8.923
9.801 8.923
9.8 8.925
9.798 8.926
9.797 8.928
9.795 8.928
9.794 8.93
9.794 8.93
9.792 8.931
9.791 8.933
9.791 8.933
9.791 8.934
9.789 8.934
9.789 8.936
9.789 8.936
9.789 8.937
9.789 8.937
9.789 8.939
9.791 8.939
9.791 8.94
9.791 8.94
9.792 8.942
9.792 8.942
9.792 8.943
9.792 8.943
9.792 8.945
9.794 8.945
9.794 8.945
9.792 8.947
9.792 8.947
9.792 8.948
9.792 8.948
9.791 8.95
9.789 8.95
9.789 8.95
9.788 8.951
9.786 8.951
9.785 8.953
9.783 8.953
9.781 8.953
9.778 8.954
9.777 8.954
9.774 8.956
9.772 8.956
9.769 8.957
9.766 8.957
9.763 8.957
9.76 8.959
9.757 8.959
9.754 8.961
9.751 8.961
9.746 8.961
9.743 8.962
9.738 8.962
9.735 8.964
9.731 8.964
9.728 8.964
9.723 8.965
9.718 8.965
9.715 8.965
9.711 8.967
9.706 8.967
9.701 8.967
9.698 8.968
9.694 8.968
9.689 8.968
9.685 8.968
9.68 8.97
9.675 8.97
9.671 8.97
9.666 8.97
9.661 8.971
9.657 8.971
9.654 8.971
9.649 8.971
9.644 8.971
9.64 8.971
9.635 8.973
9.631 8.973
9.628 8.973
9.623 8.973
9.618 8.973
9.615 8.973
9.612 8.973
9.609 8.973
9.604 8.973
9.603 8.973
9.6 8.973
9.598 8.973
9.595 8.973
9.594 8.973
9.594 8.973
9.594 8.973
9.594 8.973
9.594 8.973
9.594 8.973
9.594 8.973
9.597 8.973
9.598 8.973
9.6 8.971
9.603 8.971
9.604 8.971
9.606 8.971
9.609 8.971
9.611 8.971
9.612 8.971
9.615 8.971
9.617 8.971
9.618 8.971
9.621 8.97
9.623 8.97
9.626 8.97
9.628 8.97
9.631 8.97
9.632 8.97
9.635 8.97
9.638 8.97
9.64 8.97
9.643 8.97
9.644 8.97
9.648 8.97
9.649 8.97
9.652 8.97
9.654 8.97
9.655 8.97
9.658 8.97
9.66 8.97
9.661 8.97
9.663 8.97
9.663 8.97
9.665 8.97
9.665 8.97
9.665 8.97
9.665 8.97
9.665 8.971
9.665 8.971
9.665 8.971
9.663 8.971
9.661 8.971
9.66 8.971
9.658 8.973
9.657 8.973
9.655 8.973
9.652 8.973
9.651 8.973
9.648 8.974
9.646 8.974
9.643 8.974
9.64 8.974
9.638 8.976
9.635 8.976
9.632 8.976
9.629 8.976
9.626 8.978
9.623 8.978
9.62 8.978
9.615 8.978
9.612 8.978
9.609 8.978
9.604 8.979
9.601 8.979
9.598 8.979
9.594 8.979
9.589 8.979
9.586 8.979
9.581 8.981
9.578 8.981
9.574 8.981
9.569 8.981
9.564 8.981
9.56 8.981
9.555 8.981
9.551 8.981
9.547 8.981
9.543 8.981
9.538 8.981
9.534 8.981
9.529 8.981
9.524 8.981
9.52 8.981
9.515 8.981
9.51 8.981
9.506 8.981
9.501 8.981
9.497 8.981
9.494 8.981
9.489 8.981
9.484 8.979
9.48 8.979
9.473 8.979
9.47 8.979
9.467 8.979
9.463 8.978
9.458 8.978
9.455 8.978
9.45 8.978
9.447 8.976
9.444 8.976
9.44 8.976
9.436 8.974
9.433 8.974
9.43 8.974
9.427 8.973
9.426 8.973
9.423 8.973
9.421 8.971
9.418 8.971
9.416 8.97
9.413 8.97
9.412 8.97
9.41 8.968
9.407 8.968
9.406 8.967
9.404 8.967
9.401 8.965
9.399 8.965
9.398 8.964
9.396 8.964
9.393 8.962
9.392 8.962
9.389 8.961
9.387 8.961
9.384 8.959
9.382 8.959
9.379 8.957
9.378 8.957
9.375 8.956
9.372 8.956
9.369 8.954
9.367 8.954
9.364 8.953
9.361 8.953
9.358 8.951
9.355 8.951
9.352 8.95
9.349 8.948
9.345 8.948
9.342 8.947
9.339 8.947
9.336 8.945
9.333 8.945
9.33 8.943
9.325 8.943
9.322 8.942
9.319 8.942
9.316 8.94
9.313 8.939
9.31 8.939
9.307 8.937
9.304 8.937
9.301 8.936
9.298 8.936
9.293 8.934
9.29 8.933
9.287 8.933
9.284 8.931
9.281 8.931
9.278 8.93
9.274 8.928
9.271 8.928
9.268 8.926
9.267 8.926
9.264 8.925
9.261 8.923
9.257 8.923
9.254 8.922
9.253 8.92
9.25 8.92
9.247 8.919
9.245 8.917
9.242 8.917
9.239 8.916
9.237 8.914
9.236 8.914
9.233 8.913
9.231 8.911
9.23 8.911
9.227 8.909
9.225 8.908
9.223 8.908
9.222 8.906
9.22 8.905
9.219 8.905
9.217 8.903
9.216 8.902
9.216 8.902
9.214 8.9
9.214 8.899
9.213 8.899
9.213 8.897
9.211 8.895
9.211 8.895
9.211 8.894
9.21 8.892
9.21 8.891
9.21 8.891
9.21 8.889
9.208 8.888
9.208 8.888
9.208 8.886
9.206 8.885
9.206 8.885
9.206 8.883
9.205 8.883
9.205 8.882
9.203 8.88
9.202 8.88
9.2 8.878
9.2 8.877
9.199 8.877
9.197 8.875
9.196 8.875
9.194 8.874
9.191 8.872
9.189 8.872
9.188 8.871
9.186 8.871
9.183 8.869
9.182 8.868
9.18 8.868
9.177 8.866
9.176 8.866
9.172 8.864
9.171 8.864
9.169 8.863
9.166 8.863
9.165 8.861
9.162 8.861
9.159 8.86
9.157 8.858
9.154 8.858
9.152 8.857
9.149 8.857
9.146 8.855
9.143 8.855
9.142 8.854
9.138 8.854
9.135 8.852
9.132 8.852
9.129 8.851
9.126 8.851
9.123 8.849
9.12 8.847
9.117 8.847
9.112 8.846
9.109 8.846
9.106 8.844
9.101 8.844
9.098 8.843
9.094 8.843
9.089 8.841
9.086 8.84
9.081 8.84
9.077 8.838
9.074 8.838
9.069 8.837
9.064 8.835
9.06 8.835
9.055 8.833
9.05 8.833
9.046 8.832
9.041 8.83
9.036 8.83
9.032 8.829
9.029 8.827
9.024 8.827
9.019 8.826
9.015 8.824
9.01 8.824
9.007 8.823
9.002 8.821
8.998 8.821
8.995 8.82
8.991 8.818
8.987 8.816
8.984 8.816
8.981 8.815
8.978 8.813
8.974 8.812
8.971 8.812
8.97 8.81
8.967 8.809
8.965 8.807
8.964 8.806
8.964 8.806
8.962 8.804
8.962 8.802
8.962 8.801
8.962 8.799
8.962 8.798
8.962 8.798
8.964 8.796
8.964 8.795
8.965 8.793
8.967 8.792
8.967 8.79
8.968 8.789
8.97 8.789
8.971 8.787
8.973 8.785
8.973 8.784
8.974 8.782
8.976 8.781
8.978 8.781
8.978 8.779
8.979 8.778
8.981 8.776
8.981 8.775
8.982 8.775
8.982 8.773
8.982 8.771
8.982 8.77
8.982 8.77
8.982 8.768
8.982 8.767
8.982 8.767
8.981 8.765
8.981 8.764
8.979 8.764
8.978 8.762
8.976 8.761
8.976 8.761
8.973 8.759
8.971 8.758
8.97 8.758
8.968 8.756
8.965 8.756
8.964 8.754
8.961 8.753
8.957 8.753
8.956 8.751
8.953 8.751
8.95 8.75
8.945 8.75
8.942 8.748
8.939 8.748
8.936 8.747
8.931 8.747
8.928 8.745
8.923 8.744
8.919 8.744
8.916 8.742
8.911 8.742
8.906 8.74
8.902 8.74
8.897 8.739
8.892 8.739
8.888 8.737
8.883 8.737
8.878 8.736
8.874 8.734
8.869 8.734
8.864 8.733
8.86 8.733
8.855 8.731
8.851 8.73
8.846 8.73
8.841 8.728
8.837 8.728
8.832 8.726
8.827 8.725
8.824 8.725
8.82 8.723
8.815 8.722
8.81 8.722
8.807 8.72
8.802 8.719
8.799 8.717
8.796 8.717
8.793 8.716
8.79 8.714
8.787 8.713
8.785 8.713
8.782 8.711
8.781 8.709
8.779 8.708
8.779 8.708
8.778 8.706
8.778 8.705
8.778 8.703
8.778 8.702
8.779 8.7
8.781 8.7
8.782 8.699
8.784 8.697
8.785 8.695
8.789 8.694
8.792 8.692
8.795 8.692
8.798 8.691
8.801 8.689
8.804 8.688
8.809 8.686
8.813 8.685
8.816 8.685
8.821 8.683
8.826 8.681
8.83 8.68
8.835 8.678
8.838 8.678
8.843 8.677
8.847 8.675
8.852 8.675
8.855 8.674
8.86 8.672
8.863 8.672
8.866 8.671
8.869 8.669
8.872 8.669
8.875 8.668
8.877 8.668
8.88 8.666
8.882 8.664
8.883 8.664
8.885 8.664
8.886 8.663
8.888 8.663
8.888 8.661
8.889 8.661
8.889 8.66
8.891 8.66
8.891 8.66
8.891 8.658
8.891 8.658
8.891 8.658
8.891 8.658
8.891 8.657
8.891 8.657
8.889 8.657
8.889 8.657
8.889 8.655
8.888 8.655
8.888 8.655
8.886 8.655
8.886 8.655
8.885 8.654
8.885 8.654
8.883 8.654
8.882 8.654
8.882 8.654
8.88 8.654
8.878 8.652
8.877 8.652
8.875 8.652
8.875 8.652
8.874 8.652
8.871 8.652
8.869 8.65
8.868 8.65
8.866 8.65
8.864 8.65
8.861 8.65
8.86 8.65
8.858 8.65
8.855 8.649
8.854 8.649
8.851 8.649
8.849 8.649
8.847 8.649
8.844 8.649
8.843 8.647
8.84 8.647
8.838 8.647
8.837 8.647
8.835 8.647
8.833 8.646
8.832 8.646
8.83 8.646
8.83 8.646
8.83 8.646
8.829 8.644
8.829 8.644
8.83 8.644
8.83 8.644
8.832 8.643
8.833 8.643
8.835 8.643
8.838 8.643
8.841 8.641
8.844 8.641
8.849 8.641
8.854 8.64
8.858 8.64
8.863 8.64
8.868 8.64
8.874 8.638
8.88 8.638
8.886 8.638
8.892 8.638
8.899 8.636
8.906 8.636
8.913 8.636
8.919 8.636
8.926 8.635
8.933 8.635
8.939 8.635
8.945 8.635
8.951 8.635
8.957 8.635
8.962 8.633
8.968 8.633
8.973 8.633
8.978 8.633
8.981 8.633
8.985 8.633
8.988 8.633
8.991 8.633
8.995 8.633
8.996 8.633
8.998 8.633
8.999 8.633
9.001 8.635
9.002 8.635
9.002 8.635
9.002 8.635
9.002 8.635
9.002 8.636
9.002 8.636
9.001 8.636
9.001 8.636
8.999 8.638
8.998 8.638
8.996 8.638
8.995 8.64
8.991 8.64
8.99 8.64
8.988 8.641
8.985 8.641
8.982 8.641
8.981 8.643
8.978 8.643
8.974 8.643
8.971 8.644
8.968 8.644
8.965 8.644
8.961 8.644
8.957 8.646
8.954 8.646
8.951 8.646
8.947 8.647
8.943 8.647
8.939 8.647
8.936 8.649
8.931 8.649
8.928 8.649
8.923 8.649
8.92 8.649
8.916 8.65
8.913 8.65
8.908 8.65
8.905 8.65
8.902 8.65
8.897 8.65
8.894 8.652
8.891 8.652
8.888 8.652
8.885 8.652
8.882 8.652
8.88 8.652
8.877 8.652
8.875 8.652
8.874 8.652
8.872 8.652
8.872 8.652
8.872 8.652
8.872 8.652
8.872 8.652
8.874 8.652
8.874 8.652
8.875 8.652
8.878 8.652
8.88 8.652
8.883 8.65
8.886 8.65
8.889 8.65
8.894 8.65
8.897 8.65
8.902 8.65
8.908 8.65
8.913 8.649
8.919 8.649
8.925 8.649
8.931 8.649
8.937 8.649
8.943 8.649
8.951 8.649
8.957 8.647
8.965 8.647
8.971 8.647
8.979 8.647
8.985 8.647
8.993 8.647
8.999 8.647
9.005 8.647
9.012 8.647
9.018 8.647
9.024 8.647
9.029 8.647
9.035 8.647
9.039 8.647
9.044 8.647
9.049 8.647
9.053 8.649
9.056 8.649
9.061 8.649
9.064 8.649
9.069 8.649
9.072 8.65
9.075 8.65
9.078 8.65
9.081 8.652
9.084 8.652
9.087 8.652
9.089 8.654
9.092 8.654
9.094 8.655
9.095 8.655
9.097 8.657
9.098 8.657
9.1 8.657
9.101 8.658
9.103 8.658
9.104 8.66
9.106 8.66
9.108 8.661
9.108 8.663
9.109 8.663
9.109 8.664
9.111 8.664
9.111 8.666
9.112 8.666
9.112 8.668
9.114 8.669
9.114 8.669
9.114 8.671
9.114 8.671
9.114 8.672
9.114 8.674
9.114 8.674
9.114 8.675
9.114 8.675
9.114 8.677
9.114 8.678
9.112 8.678
9.112 8.68
9.112 8.68
9.111 8.681
9.111 8.683
9.109 8.683
9.109 8.685
9.108 8.685
9.108 8.686
9.106 8.688
9.104 8.688
9.104 8.689
9.103 8.689
9.101 8.691
9.1 8.691
9.1 8.692
9.098 8.692
9.097 8.694
9.097 8.694
9.095 8.695
9.095 8.695
9.095 8.697
9.095 8.697
9.095 8.699
9.095 8.699
9.095 8.7
9.095 8.7
9.097 8.702
9.098 8.702
9.1 8.703
9.101 8.703
9.103 8.703
9.104 8.705
9.106 8.705
9.108 8.706
9.111 8.706
9.112 8.706
9.114 8.708
9.117 8.708
9.118 8.709
9.12 8.709
9.121 8.709
9.123 8.711
9.125 8.711
9.126 8.713
9.128 8.713
9.129 8.713
9.129 8.714
9.131 8.714
9.131 8.714
9.132 8.716
9.132 8.716
9.132 8.717
9.132 8.717
9.131 8.717
9.131 8.719
9.129 8.719
9.129 8.719
9.128 8.72
9.126 8.72
9.125 8.722
9.123 8.722
9.12 8.722
9.118 8.723
9.115 8.723
9.114 8.725
9.111 8.725
9.108 8.725
9.104 8.726
9.101 8.726
9.098 8.728
9.094 8.728
9.091 8.728
9.086 8.73
9.083 8.73
9.078 8.73
9.074 8.731
9.069 8.731
9.064 8.731
9.06 8.733
9.055 8.733
9.049 8.733
9.044 8.734
9.039 8.734
9.033 8.734
9.029 8.734
9.022 8.736
9.016 8.736
9.012 8.736
9.005 8.736
8.999 8.737
8.995 8.737
8.988 8.737
8.982 8.737
8.976 8.737
8.97 8.737
8.964 8.737
8.957 8.737
8.953 8.737
8.947 8.739
8.94 8.739
8.934 8.739
8.928 8.739
8.923 8.737
8.917 8.737
8.913 8.737
8.906 8.737
8.902 8.737
8.897 8.737
8.892 8.737
8.888 8.737
8.883 8.737
8.878 8.736
8.875 8.736
8.871 8.736
8.868 8.736
8.864 8.734
8.861 8.734
8.858 8.734
8.855 8.733
8.852 8.733
8.849 8.733
8.847 8.731
8.844 8.731
8.841 8.731
8.84 8.73
8.837 8.73
8.833 8.728
8.832 8.728
8.829 8.726
8.826 8.726
8.823 8.726
8.821 8.725
8.818 8.725
8.815 8.723
8.813 8.723
8.81 8.722
8.807 8.722
8.806 8.72
8.802 8.72
8.801 8.719
8.798 8.719
8.796 8.717
8.793 8.717
8.792 8.716
8.789 8.716
8.787 8.714
8.784 8.714
8.782 8.713
8.779 8.713
8.776 8.711
8.773 8.709
8.771 8.709
8.768 8.708
8.765 8.708
8.762 8.706
8.759 8.706
8.756 8.705
8.751 8.705
8.748 8.703
8.745 8.703
8.74 8.702
8.737 8.7
8.733 8.7
8.73 8.699
8.725 8.699
8.722 8.697
8.717 8.697
8.713 8.695
8.708 8.695
8.705 8.694
8.7 8.692
8.695 8.692
8.691 8.691
8.686 8.691
8.681 8.689
8.677 8.689
8.672 8.688
8.668 8.686
8.663 8.686
8.658 8.685
8.654 8.683
8.647 8.683
8.643 8.681
8.638 8.681
8.633 8.68
8.629 8.678
8.622 8.678
8.618 8.677
8.613 8.675
8.608 8.675
8.604 8.674
8.598 8.672
8.593 8.671
8.588 8.671
8.584 8.669
8.579 8.668
8.574 8.668
8.57 8.666
8.565 8.664
8.56 8.663
8.556 8.661
8.551 8.661
8.546 8.66
8.543 8.658
8.539 8.657
8.534 8.655
8.531 8.655
8.528 8.654
8.523 8.652
8.52 8.65
8.517 8.649
8.514 8.647
8.512 8.646
8.509 8.646
8.506 8.644
8.504 8.643
8.503 8.641
8.5 8.64
8.498 8.638
8.497 8.636
8.497 8.635
8.495 8.633
8.493 8.632
8.493 8.63
8.492 8.629
8.492 8.627
8.492 8.627
8.492 8.626
8.492 8.624
8.492 8.622
8.492 8.621
8.493 8.619
8.493 8.618
8.493 8.616
8.495 8.615
8.495 8.613
8.495 8.612
8.497 8.61
8.497 8.608
8.497 8.607
8.497 8.607
8.498 8.605
8.498 8.604
8.498 8.602
8.498 8.601
8.498 8.599
8.498 8.598
8.498 8.598
8.497 8.596
8.497 8.595
8.497 8.593
8.495 8.591
8.495 8.591
8.493 8.59
8.493 8.588
8.492 8.587
8.49 8.587
8.49 8.585
8.489 8.584
8.487 8.582
8.486 8.582
8.484 8.581
8.483 8.579
8.481 8.579
8.479 8.577
8.476 8.576
8.475 8.576
8.473 8.574
8.472 8.573
8.469 8.573
8.467 8.571
8.465 8.57
8.462 8.57
8.461 8.568
8.459 8.567
8.456 8.567
8.455 8.565
8.453 8.565
8.45 8.563
8.448 8.562
8.447 8.562
8.444 8.56
8.442 8.559
8.441 8.559
8.438 8.557
8.436 8.557
8.434 8.556
8.433 8.554
8.43 8.554
8.428 8.553
8.427 8.553
8.425 8.551
8.423 8.549
8.422 8.549
8.42 8.548
8.419 8.546
8.417 8.546
8.416 8.545
8.414 8.545
8.413 8.543
8.413 8.542
8.411 8.542
8.411 8.54
8.409 8.539
8.409 8.539
8.409 8.537
8.409 8.537
8.411 8.535
8.411 8.534
8.413 8.534
8.414 8.532
8.416 8.532
8.417 8.531
8.42 8.529
8.422 8.529
8.425 8.528
8.428 8.526
8.431 8.526
8.434 8.525
8.438 8.525
8.441 8.523
8.445 8.521
8.448 8.521
8.453 8.52
8.456 8.52
8.459 8.518
8.464 8.518
8.467 8.517
8.472 8.517
8.475 8.515
8.479 8.515
8.483 8.514
8.486 8.514
8.49 8.512
8.493 8.512
8.497 8.511
8.501 8.511
8.504 8.509
8.507 8.509
8.512 8.509
8.515 8.507
8.518 8.507
8.521 8.507
8.526 8.506
8.529 8.506
8.532 8.506
8.535 8.506
8.539 8.504
8.543 8.504
8.546 8.504
8.549 8.504
8.553 8.503
8.556 8.503
8.559 8.503
8.562 8.503
8.563 8.503
8.567 8.503
8.57 8.503
8.573 8.503
8.576 8.503
8.577 8.501
8.581 8.501
8.584 8.501
8.585 8.501
8.588 8.501
8.59 8.501
8.593 8.501
8.595 8.501
8.598 8.501
8.599 8.503
8.601 8.503
8.604 8.503
8.605 8.503
8.607 8.503
8.608 8.503
8.612 8.503
8.613 8.503
8.615 8.503
8.616 8.503
8.618 8.504
8.621 8.504
8.622 8.504
8.624 8.504
8.627 8.504
8.629 8.504
8.63 8.506
8.633 8.506
8.635 8.506
8.638 8.506
8.641 8.506
8.644 8.506
8.646 8.507
8.65 8.507
8.654 8.507
8.657 8.507
8.66 8.509
8.664 8.509
8.669 8.509
8.674 8.509
8.678 8.509
8.683 8.511
8.689 8.511
8.695 8.511
8.702 8.511
8.708 8.512
8.716 8.512
8.723 8.512
8.733 8.514
8.74 8.514
8.75 8.514
8.761 8.515
8.77 8.515
8.781 8.515
8.792 8.517
8.804 8.517
8.815 8.517
8.827 8.518
8.84 8.518
8.852 8.518
8.864 8.52
8.877 8.52
8.891 8.521
8.903 8.521
8.916 8.523
8.928 8.523
8.94 8.525
8.953 8.526
8.965 8.526
8.976 8.528
8.988 8.529
8.999 8.529
9.01 8.531
9.021 8.532
9.03 8.534
9.041 8.535
9.05 8.535
9.058 8.537
9.067 8.539
9.075 8.54
9.083 8.542
9.091 8.543
9.097 8.545
9.103 8.548
9.109 8.549
9.115 8.551
9.12 8.553
9.125 8.554
9.129 8.557
9.134 8.559
9.138 8.56
9.142 8.563
9.146 8.565
9.149 8.567
9.152 8.57
9.155 8.571
9.157 8.574
9.16 8.576
9.162 8.577
9.165 8.581
9.166 8.582
9.168 8.585
9.169 8.587
9.171 8.59
9.172 8.591
9.174 8.595
9.174 8.596
9.176 8.599
9.177 8.601
9.177 8.604
9.177 8.605
9.179 8.608
9.179 8.61
9.179 8.613
9.179 8.615
9.179 8.618
9.179 8.619
9.179 8.622
9.177 8.624
9.177 8.626
9.177 8.629
9.176 8.63
9.176 8.633
9.174 8.635
9.172 8.636
9.171 8.64
9.171 8.641
9.169 8.644
9.168 8.646
9.168 8.647
9.166 8.65
9.165 8.652
9.165 8.654
9.163 8.655
9.163 8.658
9.163 8.66
9.163 8.661
9.163 8.663
9.163 8.664
9.165 8.668
9.165 8.669
9.166 8.671
9.169 8.672
9.171 8.674
9.174 8.675
9.179 8.677
9.182 8.678
9.186 8.68
9.191 8.681
9.197 8.683
9.202 8.685
9.208 8.686
9.216 8.688
9.222 8.689
9.23 8.691
9.237 8.692
9.245 8.694
9.253 8.695
9.261 8.697
9.27 8.699
9.278 8.7
9.285 8.702
9.295 8.703
9.302 8.705
9.31 8.706
9.318 8.708
9.325 8.709
9.333 8.711
9.339 8.713
9.345 8.714
9.352 8.716
9.358 8.717
9.362 8.719
9.367 8.72
9.372 8.722
9.376 8.723
9.379 8.726
9.382 8.728
9.386 8.73
9.389 8.731
9.39 8.733
9.392 8.734
9.393 8.737
9.393 8.739
9.395 8.74
9.395 8.742
9.395 8.745
9.393 8.747
9.393 8.748
9.392 8.751
9.39 8.753
9.389 8.754
9.387 8.758
9.386 8.759
9.384 8.761
9.381 8.764
9.378 8.765
9.375 8.767
9.373 8.768
9.37 8.771
9.366 8.773
9.362 8.775
9.359 8.778
9.356 8.779
9.352 8.781
9.347 8.782
9.344 8.785
9.339 8.787
9.335 8.789
9.332 8.79
9.327 8.792
9.322 8.795
9.318 8.796
9.311 8.798
9.307 8.799
9.302 8.801
9.298 8.802
9.293 8.804
9.287 8.806
9.282 8.807
9.278 8.809
9.273 8.81
9.268 8.812
9.264 8.813
9.259 8.815
9.254 8.816
9.25 8.818
9.247 8.818
9.244 8.82
9.239 8.821
9.236 8.823
9.234 8.823
9.231 8.824
9.23 8.826
9.228 8.826
9.227 8.827
9.225 8.829
9.225 8.829
9.227 8.83
9.227 8.83
9.228 8.832
9.231 8.832
9.233 8.833
9.237 8.833
9.24 8.835
9.245 8.835
9.25 8.837
9.256 8.837
9.261 8.838
9.267 8.838
9.274 8.838
9.281 8.84
9.288 8.84
9.296 8.84
9.304 8.841
9.311 8.841
9.319 8.843
9.327 8.843
9.335 8.843
9.342 8.844
9.35 8.844
9.358 8.846
9.364 8.846
9.372 8.846
9.378 8.847
9.384 8.847
9.389 8.849
9.395 8.849
9.399 8.851
9.404 8.851
9.407 8.852
9.41 8.854
9.413 8.854
9.416 8.855
9.418 8.857
9.42 8.857
9.421 8.858
9.423 8.86
9.423 8.86
9.423 8.861
9.423 8.863
9.423 8.864
9.421 8.864
9.42 8.866
9.42 8.868
9.416 8.869
9.415 8.871
9.413 8.872
9.41 8.874
9.409 8.874
9.406 8.875
9.403 8.877
9.399 8.878
9.396 8.88
9.393 8.882
9.39 8.883
9.387 8.885
9.382 8.886
9.379 8.888
9.376 8.888
9.373 8.889
9.37 8.891
9.366 8.892
9.362 8.894
9.359 8.895
9.356 8.895
9.353 8.897
9.35 8.899
9.347 8.9
9.344 8.902
9.342 8.902
9.339 8.903
9.336 8.905
9.335 8.905
9.332 8.906
9.33 8.908
9.327 8.908
9.325 8.909
9.324 8.911
9.321 8.911
9.319 8.913
9.318 8.913
9.316 8.914
9.315 8.916
9.315 8.916
9.313 8.917
9.311 8.917
9.311 8.919
9.311 8.919
9.311 8.92
9.311 8.92
9.311 8.92
9.313 8.922
9.315 8.922
9.316 8.923
9.318 8.923
9.321 8.923
9.324 8.925
9.327 8.925
9.332 8.926
9.336 8.926
9.341 8.926
9.345 8.928
9.352 8.928
9.358 8.928
9.364 8.93
9.37 8.93
9.378 8.93
9.384 8.931
9.392 8.931
9.401 8.931
9.409 8.933
9.416 8.933
9.424 8.933
9.433 8.934
9.441 8.934
9.45 8.936
9.458 8.936
9.466 8.936
9.473 8.937
9.481 8.937
9.489 8.939
9.497 8.939
9.504 8.94
9.51 8.94
9.517 8.942
9.523 8.943
9.529 8.943
9.535 8.945
9.54 8.947
9.544 8.947
9.549 8.948
9.554 8.95
9.557 8.95
9.561 8.951
9.564 8.953
9.567 8.954
9.571 8.956
9.572 8.957
9.575 8.957
9.577 8.959
9.578 8.961
9.58 8.962
9.581 8.964
9.583 8.965
9.584 8.967
9.584 8.968
9.586 8.97
9.586 8.971
9.586 8.973
9.586 8.974
9.586 8.976
9.586 8.978
9.586 8.979
9.586 8.981
9.584 8.984
9.584 8.985
9.583 8.987
9.583 8.988
9.581 8.99
9.58 8.991
9.578 8.993
9.577 8.995
9.575 8.996
9.574 8.998
9.572 8.999
9.571 9.001
9.569 9.002
9.567 9.004
9.566 9.005
9.564 9.007
9.563 9.009
9.561 9.01
9.56 9.012
9.558 9.013
9.557 9.015
9.555 9.016
9.555 9.018
9.554 9.019
9.554 9.021
9.554 9.022
9.554 9.024
9.555 9.026
9.557 9.027
9.558 9.027
9.56 9.029
9.563 9.03
9.566 9.032
9.569 9.033
9.574 9.033
9.577 9.035
9.583 9.036
9.588 9.038
9.594 9.039
9.601 9.039
9.608 9.041
9.615 9.043
9.624 9.044
9.634 9.044
9.643 9.046
9.652 9.047
9.663 9.049
9.674 9.049
9.686 9.05
9.697 9.052
9.709 9.052
9.721 9.053
9.734 9.055
9.746 9.056
9.758 9.058
9.771 9.058
9.781 9.06
9.794 9.061
9.805 9.063
9.817 9.064
9.826 9.066
9.837 9.067
9.846 9.069
9.857 9.07
9.864 9.072
9.874 9.074
9.881 9.075
9.888 9.077
9.895 9.078
9.901 9.08
9.907 9.083
9.912 9.084
9.918 9.086
9.923 9.087
9.926 9.091
9.931 9.092
9.934 9.095
9.937 9.097
9.94 9.098
9.941 9.101
9.944 9.103
9.946 9.106
9.947 9.108
9.949 9.111
9.949 9.112
9.95 9.115
9.95 9.118
9.952 9.12
9.952 9.123
9.952 9.125
9.95 9.128
9.95 9.131
9.95 9.132
9.95 9.135
9.949 9.138
9.949 9.14
9.947 9.143
9.946 9.145
9.944 9.148
9.944 9.151
9.943 9.152
9.941 9.155
9.94 9.157
9.938 9.16
9.937 9.163
9.935 9.165
9.934 9.168
9.932 9.169
9.931 9.172
9.929 9.174
9.926 9.177
9.924 9.179
9.923 9.182
9.921 9.183
9.92 9.186
9.918 9.188
9.917 9.189
9.917 9.193
9.915 9.194
9.915 9.197
9.914 9.199
9.915 9.2
9.915 9.203
9.915 9.205
9.917 9.206
9.918 9.208
9.921 9.211
9.923 9.213
9.926 9.214
9.931 9.216
9.934 9.217
9.94 9.22
9.944 9.222
9.95 9.223
9.957 9.225
9.964 9.227
9.972 9.228
9.98 9.23
9.989 9.231
9.998 9.233
10.009 9.236
10.018 9.237
10.029 9.239
10.04 9.24
10.05 9.242
10.063 9.244
10.073 9.245
10.084 9.247
10.096 9.248
10.109 9.25
10.119 9.251
10.132 9.254
10.142 9.256
10.155 9.257
10.165 9.259
10.176 9.261
10.188 9.264
10.199 9.265
10.208 9.267
10.219 9.268
10.228 9.271
10.237 9.273
10.247 9.274
10.256 9.278
10.263 9.279
10.271 9.282
10.277 9.284
10.285 9.287
10.291 9.288
10.297 9.291
10.302 9.293
10.306 9.296
10.311 9.299
10.316 9.301
10.32 9.304
10.323 9.307
10.326 9.31
10.329 9.311
10.332 9.315
10.334 9.318
10.337 9.321
10.338 9.324
10.34 9.325
10.342 9.328
10.342 9.332
10.343 9.335
10.343 9.338
10.345 9.341
10.345 9.344
10.345 9.347
10.345 9.35
10.345 9.353
10.345 9.355
10.345 9.358
10.345 9.361
10.345 9.364
10.343 9.367
10.343 9.37
10.343 9.373
10.342 9.376
10.342 9.379
10.342 9.382
10.34 9.386
10.34 9.387
10.34 9.39
10.338 9.393
10.338 9.396
10.337 9.399
10.337 9.401
10.337 9.404
10.337 9.407
10.337 9.41
10.337 9.412
10.337 9.415
10.337 9.418
10.338 9.421
10.34 9.423
10.342 9.426
10.343 9.429
10.345 9.43
10.348 9.433
10.351 9.435
10.354 9.438
10.358 9.441
10.363 9.443
10.369 9.446
10.375 9.447
10.381 9.45
10.389 9.452
10.397 9.455
10.406 9.457
10.415 9.46
10.426 9.461
10.436 9.464
10.449 9.466
10.462 9.469
10.475 9.47
10.488 9.472
10.502 9.475
10.518 9.477
10.533 9.48
10.548 9.481
10.563 9.484
10.579 9.486
10.595 9.489
10.611 9.49
10.626 9.494
10.643 9.495
10.658 9.498
10.673 9.5
10.689 9.503
10.702 9.506
10.718 9.507
10.731 9.51
10.744 9.514
10.756 9.517
10.768 9.518
10.779 9.521
10.789 9.524
10.8 9.527
10.809 9.531
10.818 9.534
10.826 9.537
10.832 9.54
10.838 9.543
10.844 9.546
10.852 9.549
10.858 9.554
10.864 9.557
10.869 9.56
10.872 9.563
10.876 9.567
10.879 9.571
10.883 9.575
10.884 9.578
10.887 9.581
10.889 9.586
10.89 9.589
10.892 9.594
10.893 9.597
10.893 9.601
10.893 9.604
10.895 9.609
10.895 9.612
10.893 9.617
10.893 9.62
10.892 9.624
10.892 9.628
10.89 9.632
10.889 9.635
10.886 9.64
10.884 9.643
10.883 9.648
10.881 9.651
10.878 9.655
10.875 9.658
10.872 9.663
10.869 9.666
10.866 9.671
10.863 9.674
10.86 9.677
10.857 9.681
10.854 9.685
10.85 9.688
10.847 9.692
10.844 9.695
10.841 9.698
10.84 9.701
10.838 9.706
10.837 9.709
10.835 9.712
10.835 9.715
10.834 9.718
10.834 9.721
10.835 9.725
10.835 9.728
10.837 9.731
10.838 9.734
10.841 9.737
10.844 9.74
10.847 9.743
10.852 9.746
10.857 9.749
10.863 9.752
10.869 9.754
10.876 9.757
10.884 9.76
10.893 9.763
10.902 9.765
10.912 9.768
10.922 9.771
10.934 9.774
10.947 9.775
10.96 9.778
10.972 9.781
10.986 9.783
11.0 9.786
11.015 9.789
11.029 9.791
11.046 9.794
11.061 9.797
11.076 9.798
11.091 9.801
11.107 9.805
11.12 9.806
11.136 9.809
11.151 9.812
11.166 9.815
11.178 9.818
11.192 9.82
11.204 9.823
11.216 9.826
11.228 9.829
11.239 9.832
11.25 9.835
11.259 9.838
11.268 9.841
11.276 9.844
11.283 9.848
11.291 9.852
11.297 9.855
11.301 9.858
11.306 9.861
11.311 9.866
11.315 9.869
11.318 9.872
11.321 9.877
11.323 9.88
11.324 9.884
11.326 9.888
11.326 9.891
11.327 9.895
11.327 9.898
11.327 9.903
11.326 9.907
11.326 9.911
11.324 9.915
11.324 9.918
11.321 9.923
11.32 9.927
11.317 9.931
11.315 9.935
11.312 9.938
11.311 9.943
11.307 9.946
11.304 9.95
11.301 9.955
11.298 9.958
11.295 9.963
11.291 9.966
11.288 9.97
11.283 9.974
11.28 9.978
11.277 9.981
11.272 9.986
11.269 9.989
11.266 9.992
11.262 9.997
11.257 10.0
11.254 10.003
11.251 10.007
11.248 10.01
11.244 10.013
11.241 10.017
11.238 10.021
11.234 10.024
11.231 10.027
11.228 10.03
11.227 10.033
11.224 10.036
11.222 10.04
11.221 10.043
11.221 10.046
11.221 10.049
11.221 10.052
11.222 10.055
11.224 10.056
11.225 10.059
11.23 10.063
11.233 10.066
11.238 10.069
11.244 10.07
11.25 10.073
11.257 10.076
11.265 10.078
11.272 10.081
11.282 10.083
11.292 10.086
11.303 10.089
11.314 10.09
11.324 10.093
11.335 10.095
11.347 10.098
11.358 10.099
11.368 10.102
11.38 10.106
11.391 10.107
11.4 10.11
11.411 10.112
11.42 10.115
11.429 10.116
11.438 10.119
11.446 10.121
11.453 10.124
11.461 10.127
11.467 10.129
11.473 10.132
11.479 10.135
11.484 10.136
11.488 10.139
11.493 10.142
11.497 10.145
11.501 10.148
11.504 10.15
11.505 10.153
11.507 10.156
11.508 10.159
11.508 10.162
11.51 10.165
11.508 10.168
11.508 10.171
11.508 10.175
11.507 10.178
11.505 10.181
11.504 10.184
11.502 10.187
11.499 10.19
11.496 10.193
11.493 10.196
11.49 10.199
11.487 10.202
11.484 10.205
11.479 10.208
11.476 10.211
11.473 10.214
11.469 10.217
11.464 10.221
11.461 10.224
11.456 10.227
11.453 10.23
11.449 10.233
11.444 10.236
11.44 10.239
11.437 10.242
11.432 10.245
11.426 10.248
11.423 10.25
11.418 10.253
11.414 10.256
11.409 10.259
11.405 10.262
11.4 10.263
11.396 10.266
11.393 10.27
11.388 10.271
11.384 10.274
11.379 10.276
11.374 10.279
11.371 10.282
11.367 10.283
11.364 10.286
11.361 10.288
11.358 10.289
11.355 10.293
11.353 10.294
11.35 10.297
11.349 10.299
11.347 10.3
11.347 10.303
11.347 10.305
11.347 10.306
11.349 10.308
11.35 10.311
11.353 10.312
11.356 10.314
11.359 10.316
11.365 10.317
11.37 10.319
11.377 10.32
11.385 10.323
11.393 10.325
11.402 10.326
11.411 10.328
11.423 10.329
11.434 10.331
11.446 10.332
11.458 10.334
11.47 10.335
11.484 10.337
11.497 10.338
11.513 10.34
11.528 10.342
11.543 10.343
11.558 10.345
11.572 10.346
11.587 10.348
11.601 10.349
11.616 10.351
11.63 10.352
11.643 10.354
11.657 10.357
11.671 10.358
11.683 10.36
11.695 10.361
11.707 10.365
11.719 10.366
11.731 10.368
11.742 10.371
11.751 10.372
11.76 10.375
11.769 10.377
11.777 10.38
11.784 10.381
11.79 10.384
11.798 10.387
11.803 10.391
11.809 10.392
11.815 10.395
11.819 10.398
11.824 10.401
11.827 10.404
11.83 10.407
11.831 10.41
11.833 10.413
11.834 10.417
11.836 10.42
11.836 10.423
11.836 10.426
11.836 10.429
11.836 10.432
11.834 10.435
11.833 10.438
11.833 10.443
11.831 10.446
11.83 10.449
11.828 10.452
11.827 10.455
11.824 10.459
11.822 10.462
11.819 10.466
11.816 10.469
11.815 10.472
11.812 10.475
11.809 10.479
11.807 10.482
11.804 10.485
11.801 10.488
11.798 10.492
11.795 10.495
11.792 10.498
11.787 10.501
11.784 10.504
11.783 10.507
11.778 10.51
11.775 10.513
11.772 10.516
11.771 10.519
11.768 10.522
11.766 10.525
11.763 10.528
11.762 10.531
11.76 10.534
11.76 10.537
11.759 10.539
11.759 10.542
11.76 10.545
11.762 10.548
11.763 10.55
11.765 10.553
11.768 10.556
11.771 10.557
11.774 10.56
11.78 10.562
11.784 10.565
11.79 10.566
11.798 10.569
11.806 10.573
11.813 10.574
11.822 10.577
11.831 10.579
11.842 10.58
11.851 10.583
11.862 10.585
11.872 10.588
11.883 10.589
11.895 10.592
11.906 10.594
11.918 10.595
11.93 10.599
11.94 10.6
11.954 10.603
11.966 10.605
11.977 10.608
11.989 10.609
12.001 10.612
12.012 10.614
12.022 10.617
12.033 10.618
12.043 10.621
12.053 10.623
12.062 10.626
12.071 10.629
12.078 10.631
12.086 10.634
12.095 10.637
12.102 10.638
12.109 10.641
12.113 10.644
12.119 10.647
12.124 10.65
12.128 10.654
12.133 10.657
12.136 10.658
12.139 10.661
12.142 10.664
12.145 10.667
12.146 10.67
12.148 10.673
12.148 10.678
12.149 10.681
12.149 10.684
12.149 10.687
12.149 10.69
12.149 10.693
12.148 10.696
12.146 10.699
12.146 10.704
12.145 10.707
12.143 10.71
12.14 10.713
12.139 10.716
12.137 10.719
12.134 10.724
12.131 10.727
12.128 10.73
12.127 10.733
12.124 10.736
12.121 10.739
12.118 10.742
12.115 10.747
12.112 10.75
12.109 10.753
12.104 10.756
12.101 10.759
12.098 10.762
12.093 10.765
12.09 10.768
12.087 10.771
12.083 10.774
12.08 10.777
12.077 10.78
12.074 10.783
12.071 10.785
12.068 10.788
12.065 10.791
12.063 10.794
12.06 10.797
12.059 10.8
12.057 10.802
12.057 10.805
12.056 10.808
12.056 10.809
12.057 10.812
12.059 10.815
12.06 10.817
12.063 10.82
12.068 10.822
12.072 10.825
12.077 10.826
12.084 10.829
12.092 10.831
12.101 10.834
12.11 10.835
12.119 10.838
12.13 10.84
12.142 10.841
12.155 10.844
12.168 10.846
12.183 10.849
12.196 10.85
12.213 10.852
12.228 10.855
12.245 10.857
12.261 10.858
12.278 10.861
12.296 10.863
12.313 10.864
12.329 10.867
12.348 10.869
12.364 10.872
12.379 10.873
12.396 10.876
12.411 10.878
12.428 10.881
12.443 10.883
12.456 10.886
12.47 10.889
12.482 10.89
12.496 10.893
12.506 10.896
12.517 10.899
12.526 10.901
12.533 10.904
12.541 10.907
12.548 10.91
12.553 10.913
12.559 10.916
12.565 10.919
12.57 10.924
12.573 10.927
12.574 10.93
12.577 10.933
12.577 10.936
12.579 10.94
12.579 10.944
12.577 10.947
12.576 10.951
12.574 10.954
12.573 10.959
12.57 10.962
12.567 10.966
12.564 10.969
12.56 10.974
12.556 10.977
12.553 10.982
12.55 10.985
12.545 10.989
12.539 10.992
12.536 10.997
12.53 11.0
12.526 11.005
12.52 11.008
12.515 11.012
12.509 11.015
12.505 11.018
12.499 11.023
12.493 11.026
12.487 11.03
12.48 11.033
12.474 11.037
12.468 11.041
12.461 11.044
12.455 11.047
12.449 11.05
12.444 11.055
12.438 11.058
12.434 11.061
12.428 11.064
12.423 11.067
12.419 11.07
12.414 11.073
12.409 11.076
12.405 11.079
12.402 11.082
12.399 11.085
12.396 11.088
12.394 11.09
12.393 11.093
12.393 11.096
12.393 11.099
12.394 11.1
12.397 11.104
12.4 11.107
12.403 11.108
12.409 11.111
12.416 11.113
12.422 11.116
12.431 11.117
12.44 11.12
12.449 11.122
12.461 11.123
12.473 11.126
12.487 11.128
12.5 11.131
12.514 11.132
12.53 11.134
12.545 11.136
12.562 11.139
12.58 11.14
12.597 11.142
12.615 11.145
12.631 11.146
12.648 11.148
12.666 11.151
12.684 11.152
12.701 11.155
12.717 11.157
12.734 11.158
12.752 11.161
12.769 11.163
12.784 11.166
12.799 11.167
12.812 11.171
12.825 11.174
12.837 11.175
12.847 11.178
12.858 11.181
12.868 11.184
12.877 11.186
12.885 11.189
12.892 11.192
12.898 11.195
12.903 11.198
12.906 11.201
12.909 11.204
12.912 11.209
12.913 11.212
12.915 11.215
12.916 11.218
12.918 11.221
12.918 11.225
12.918 11.228
12.915 11.231
12.913 11.236
12.912 11.239
12.909 11.244
12.906 11.247
12.903 11.251
12.9 11.254
12.895 11.259
12.892 11.262
12.888 11.266
12.883 11.269
12.879 11.274
12.876 11.277
12.871 11.282
12.867 11.285
12.861 11.288
12.856 11.292
12.85 11.295
12.844 11.3
12.838 11.303
12.832 11.307
12.826 11.311
12.82 11.314
12.814 11.318
12.808 11.321
12.802 11.324
12.796 11.327
12.79 11.332
12.784 11.335
12.778 11.338
12.772 11.341
12.767 11.344
12.763 11.347
12.758 11.35
12.754 11.353
12.751 11.356
12.746 11.359
12.743 11.362
12.742 11.365
12.739 11.368
12.737 11.371
12.737 11.374
12.739 11.376
12.739 11.379
12.74 11.382
12.742 11.384
12.743 11.387
12.748 11.388
12.752 11.391
12.757 11.394
12.763 11.396
12.77 11.399
12.778 11.4
12.785 11.402
12.796 11.405
12.805 11.406
12.815 11.409
12.826 11.411
12.837 11.412
12.849 11.415
12.861 11.417
12.873 11.418
12.885 11.422
12.898 11.423
12.91 11.425
12.924 11.428
12.938 11.429
12.95 11.431
12.963 11.434
12.975 11.435
12.987 11.437
13.001 11.44
13.013 11.441
13.025 11.444
13.035 11.446
13.046 11.449
13.057 11.45
13.067 11.453
13.076 11.455
13.084 11.458
13.091 11.46
13.099 11.463
13.105 11.466
13.111 11.467
13.117 11.47
13.121 11.473
13.126 11.476
13.13 11.479
13.132 11.481
13.135 11.484
13.136 11.487
13.139 11.49
13.141 11.493
13.141 11.496
13.142 11.499
13.141 11.502
13.139 11.505
13.139 11.51
13.139 11.513
13.138 11.516
13.136 11.519
13.133 11.522
13.13 11.525
13.127 11.528
13.124 11.532
13.121 11.535
13.117 11.538
13.112 11.542
13.109 11.545
13.105 11.548
13.1 11.552
13.097 11.555
13.091 11.558
13.087 11.561
13.081 11.564
13.076 11.567
13.072 11.57
13.067 11.573
13.063 11.576
13.057 11.579
13.052 11.583
13.046 11.587
13.041 11.589
13.035 11.592
13.031 11.595
13.025 11.598
13.02 11.601
13.016 11.604
13.011 11.607
13.008 11.61
13.005 11.613
13.001 11.614
12.998 11.617
12.996 11.62
12.995 11.622
12.993 11.625
12.992 11.628
12.992 11.63
12.992 11.633
12.993 11.634
12.995 11.637
12.998 11.639
13.001 11.642
13.005 11.643
13.011 11.646
13.022 11.648
13.029 11.651
13.038 11.652
13.048 11.654
13.057 11.657
13.069 11.658
13.079 11.66
13.09 11.661
13.102 11.665
13.114 11.666
13.127 11.668
13.141 11.671
13.153 11.672
13.166 11.674
13.18 11.675
13.192 11.678
13.204 11.68
13.218 11.681
13.23 11.684
13.242 11.686
13.255 11.687
13.267 11.69
13.279 11.692
13.291 11.693
13.303 11.696
13.315 11.698
13.327 11.701
13.338 11.702
13.348 11.705
13.357 11.707
13.367 11.71
13.376 11.713
13.383 11.715
13.389 11.718
13.397 11.721
13.403 11.724
13.409 11.725
13.415 11.728
13.419 11.731
13.421 11.734
13.425 11.737
13.427 11.74
13.43 11.743
13.431 11.746
13.433 11.749
13.433 11.752
13.433 11.756
13.433 11.759
13.433 11.763
13.431 11.766
13.43 11.769
13.428 11.772
13.427 11.775
13.424 11.78
13.422 11.783
13.419 11.786
13.418 11.789
13.416 11.792
13.413 11.796
13.41 11.8
13.407 11.803
13.404 11.806
13.403 11.81
13.4 11.813
13.397 11.816
13.394 11.819
13.391 11.822
13.386 11.827
13.383 11.83
13.38 11.833
13.377 11.836
13.374 11.839
13.371 11.842
13.368 11.845
13.365 11.848
13.362 11.851
13.359 11.854
13.357 11.857
13.354 11.86
13.353 11.863
13.354 11.866
13.354 11.869
13.354 11.872
13.354 11.875
13.353 11.877
13.354 11.88
13.356 11.883
13.357 11.886
13.359 11.889
13.362 11.89
13.367 11.893
13.37 11.897
13.374 11.898
13.379 11.901
13.385 11.904
13.392 11.906
13.4 11.909
13.407 11.91
13.416 11.913
13.425 11.915
13.436 11.918
13.445 11.921
13.457 11.922
13.467 11.925
13.481 11.927
13.494 11.93
13.505 11.931
13.52 11.934
13.535 11.936
13.55 11.939
13.563 11.94
13.577 11.943
13.592 11.945
13.605 11.948
13.619 11.95
13.632 11.953
13.645 11.954
13.657 11.957
13.669 11.96
13.681 11.962
13.691 11.965
13.702 11.968
13.712 11.971
13.721 11.972
13.729 11.975
13.735 11.978
13.741 11.981
13.745 11.984
13.75 11.987
13.753 11.99
13.756 11.993
13.759 11.997
13.76 12.0
13.763 12.003
13.763 12.006
13.763 12.009
13.763 12.012
13.762 12.015
13.76 12.019
13.76 12.022
13.757 12.025
13.756 12.028
13.753 12.033
13.748 12.036
13.745 12.039
13.742 12.043
13.738 12.046
13.733 12.05
13.729 12.054
13.724 12.057
13.72 12.06
13.715 12.063
13.709 12.068
13.705 12.071
13.699 12.074
13.693 12.078
13.687 12.081
13.681 12.084
13.678 12.087
13.673 12.092
13.667 12.095
13.663 12.098
13.657 12.101
13.652 12.104
13.648 12.107
13.642 12.11
13.635 12.113
13.629 12.116
13.623 12.119
13.617 12.122
13.611 12.125
13.607 12.128
13.601 12.131
13.595 12.134
13.589 12.137
13.581 12.139
13.577 12.142
13.571 12.145
13.565 12.148
13.56 12.149
13.554 12.152
13.55 12.154
13.545 12.157
13.539 12.16
13.535 12.162
13.532 12.165
13.527 12.166
13.524 12.168
13.52 12.171
13.517 12.172
13.514 12.174
13.512 12.177
13.509 12.178
13.508 12.18
13.506 12.181
13.506 12.184
13.506 12.186
13.506 12.187
13.506 12.189
13.506 12.19
13.506 12.192
13.508 12.193
13.508 12.195
13.509 12.196
13.509 12.198
13.511 12.199
13.512 12.201
13.514 12.202
13.514 12.204
13.515 12.205
13.517 12.207
13.518 12.208
13.518 12.21
13.52 12.211
13.52 12.211
13.521 12.213
13.521 12.214
13.523 12.216
13.523 12.217
13.523 12.219
13.523 12.221
13.523 12.221
13.521 12.222
13.521 12.224
13.52 12.225
13.52 12.227
13.517 12.228
13.515 12.228
13.514 12.23
13.511 12.231
13.508 12.233
13.506 12.234
13.503 12.236
13.5 12.236
13.496 12.237
13.493 12.239
13.488 12.24
13.485 12.242
13.481 12.243
13.476 12.243
13.472 12.245
13.467 12.246
13.463 12.248
13.458 12.249
13.452 12.251
13.446 12.251
13.442 12.252
13.436 12.254
13.43 12.255
13.424 12.255
13.418 12.257
13.413 12.258
13.407 12.26
13.4 12.26
13.394 12.261
13.388 12.263
13.382 12.264
13.376 12.264
13.368 12.266
13.362 12.266
13.356 12.267
13.348 12.269
13.342 12.269
13.336 12.27
13.329 12.27
13.323 12.272
13.315 12.272
13.309 12.273
13.303 12.273
13.296 12.275
13.29 12.275
13.284 12.276
13.278 12.276
13.272 12.276
13.266 12.278
13.261 12.278
13.255 12.279
13.251 12.279
13.246 12.279
13.242 12.279
13.237 12.281
13.234 12.281
13.231 12.281
13.228 12.281
13.225 12.281
13.224 12.283
13.222 12.283
13.224 12.283
13.224 12.283
13.231 12.283
13.236 12.283
13.234 12.283
13.234 12.283
13.236 12.283
13.239 12.283
13.242 12.283
13.245 12.283
13.248 12.283
13.251 12.283
13.255 12.283
13.26 12.283
13.266 12.283
13.272 12.283
13.278 12.283
13.284 12.281
13.291 12.281
13.299 12.281
13.308 12.281
13.315 12.281
13.323 12.281
13.332 12.281
13.339 12.281
13.345 12.281
13.353 12.281
13.36 12.281
13.368 12.281
13.376 12.281
13.382 12.281
13.388 12.281
13.394 12.281
13.398 12.281
13.403 12.283
13.407 12.283
13.412 12.283
13.415 12.283
13.418 12.283
13.421 12.284
13.424 12.284
13.425 12.284
13.427 12.286
13.427 12.286
13.428 12.287
13.428 12.287
13.428 12.287
13.428 12.289
13.427 12.289
13.425 12.29
13.424 12.292
13.422 12.292
13.419 12.293
13.416 12.293
13.415 12.295
13.413 12.296
13.41 12.296
13.406 12.298
13.403 12.299
13.398 12.299
13.395 12.301
13.391 12.302
13.386 12.302
13.382 12.304
13.377 12.305
13.373 12.305
13.367 12.307
13.362 12.308
13.356 12.31
13.35 12.31
13.345 12.311
13.339 12.313
13.333 12.313
13.327 12.314
13.321 12.316
13.315 12.316
13.308 12.317
13.303 12.317
13.296 12.319
13.29 12.32
13.284 12.32
13.276 12.322
13.27 12.322
13.264 12.323
13.257 12.323
13.251 12.325
13.245 12.325
13.237 12.326
13.231 12.326
13.225 12.328
13.219 12.328
13.213 12.328
13.207 12.329
13.201 12.329
13.197 12.329
13.192 12.331
13.188 12.331
13.183 12.331
13.18 12.331
13.177 12.332
13.174 12.332
13.171 12.332
13.169 12.332
13.168 12.332
13.166 12.332
13.165 12.332
13.165 12.332
13.165 12.332
13.165 12.334
13.166 12.334
13.166 12.334
13.168 12.332
13.168 12.332
13.169 12.332
13.171 12.332
13.172 12.332
13.174 12.332
13.175 12.332
13.175 12.332
13.177 12.332
13.177 12.332
13.177 12.332
13.177 12.332
13.177 12.331
13.177 12.331
13.175 12.331
13.174 12.331
13.172 12.331
13.169 12.331
13.166 12.331
13.163 12.331
13.159 12.331
13.154 12.329
13.15 12.329
13.144 12.329
13.139 12.329
13.133 12.329
13.127 12.329
13.12 12.329
13.112 12.329
13.105 12.329
13.097 12.329
13.088 12.329
13.081 12.329
13.072 12.329
13.063 12.329
13.054 12.328
13.044 12.328
13.035 12.328
13.025 12.328
13.016 12.328
13.007 12.328
12.996 12.328
12.987 12.328
12.977 12.326
12.968 12.326
12.957 12.326
12.948 12.326
12.938 12.326
12.927 12.325
12.918 12.325
12.907 12.325
12.897 12.325
12.886 12.323
12.876 12.323
12.865 12.322
12.855 12.322
12.844 12.322
12.834 12.32
12.823 12.32
12.812 12.319
12.802 12.319
12.791 12.317
12.781 12.316
12.772 12.316
12.761 12.314
12.752 12.313
12.742 12.313
12.733 12.311
12.723 12.31
12.716 12.308
12.707 12.308
12.699 12.307
12.692 12.305
12.686 12.304
12.68 12.302
12.674 12.301
12.669 12.299
12.665 12.298
12.662 12.296
12.659 12.295
12.657 12.293
12.656 12.292
12.656 12.29
12.657 12.289
12.659 12.287
12.662 12.286
12.665 12.283
12.669 12.281
12.674 12.279
12.68 12.278
12.686 12.275
12.693 12.273
12.699 12.272
12.708 12.27
12.716 12.267
12.723 12.266
12.733 12.264
12.742 12.263
12.751 12.26
12.758 12.258
12.767 12.257
12.775 12.255
12.784 12.254
12.791 12.251
12.799 12.249
12.805 12.248
12.812 12.246
12.818 12.245
12.823 12.243
12.828 12.242
12.832 12.24
12.837 12.239
12.84 12.237
12.841 12.236
12.844 12.234
12.844 12.234
12.846 12.233
12.846 12.231
12.846 12.23
12.844 12.23
12.843 12.228
12.843 12.228
12.84 12.227
12.837 12.225
12.834 12.225
12.831 12.224
12.828 12.224
12.825 12.224
12.82 12.222
12.815 12.222
12.811 12.221
12.806 12.221
12.802 12.221
12.797 12.219
12.793 12.219
12.787 12.219
12.782 12.217
12.776 12.217
12.77 12.217
12.766 12.217
12.76 12.216
12.754 12.216
12.748 12.216
12.742 12.216
12.736 12.214
12.73 12.214
12.723 12.214
12.716 12.213
12.71 12.213
12.704 12.213
12.696 12.213
12.69 12.211
12.683 12.211
12.677 12.211
12.669 12.21
12.663 12.21
12.656 12.208
12.65 12.208
12.642 12.208
12.636 12.207
12.63 12.207
12.622 12.205
12.616 12.205
12.61 12.204
12.604 12.204
12.6 12.202
12.594 12.202
12.589 12.201
12.583 12.201
12.579 12.199
12.574 12.198
12.571 12.198
12.567 12.196
12.564 12.196
12.559 12.195
12.556 12.193
12.554 12.193
12.551 12.192
12.55 12.19
12.548 12.189
12.548 12.189
12.548 12.187
12.548 12.186
12.548 12.184
12.55 12.183
12.551 12.183
12.554 12.181
12.557 12.18
12.56 12.178
12.565 12.177
12.568 12.175
12.573 12.174
12.579 12.174
12.583 12.172
12.588 12.171
12.594 12.169
12.6 12.168
12.606 12.166
12.612 12.165
12.618 12.165
12.622 12.163
12.628 12.162
12.633 12.16
12.637 12.158
12.642 12.158
12.645 12.157
12.648 12.155
12.651 12.154
12.653 12.154
12.654 12.152
12.656 12.151
12.656 12.151
12.654 12.149
12.653 12.148
12.651 12.148
12.65 12.146
12.647 12.146
12.642 12.145
12.637 12.145
12.633 12.143
12.628 12.143
12.622 12.142
12.616 12.142
12.61 12.14
12.603 12.14
12.595 12.14
12.588 12.139
12.579 12.139
12.571 12.139
12.562 12.137
12.553 12.137
12.542 12.136
12.533 12.136
12.523 12.136
12.514 12.134
12.503 12.134
12.493 12.134
12.482 12.133
12.471 12.133
12.461 12.133
12.449 12.131
12.438 12.131
12.428 12.13
12.416 12.13
12.405 12.13
12.393 12.128
12.382 12.128
12.37 12.127
12.36 12.125
12.348 12.125
12.337 12.124
12.325 12.124
12.314 12.122
12.302 12.121
12.293 12.121
12.281 12.119
12.27 12.118
12.261 12.116
12.251 12.116
12.242 12.115
12.233 12.113
12.225 12.112
12.216 12.11
12.208 12.109
12.202 12.107
12.195 12.106
12.19 12.104
12.184 12.102
12.18 12.101
12.177 12.099
12.174 12.096
12.172 12.095
12.172 12.093
12.172 12.092
12.174 12.09
12.175 12.087
12.178 12.086
12.183 12.084
12.187 12.081
12.193 12.08
12.201 12.078
12.208 12.075
12.216 12.074
12.225 12.071
12.236 12.069
12.245 12.068
12.255 12.065
12.266 12.063
12.276 12.06
12.287 12.059
12.299 12.056
12.31 12.054
12.32 12.053
12.332 12.05
12.343 12.048
12.354 12.046
12.364 12.043
12.373 12.042
12.384 12.04
12.393 12.039
12.4 12.036
12.408 12.034
12.414 12.033
12.42 12.031
12.426 12.03
12.431 12.028
12.434 12.027
12.437 12.025
12.44 12.024
12.441 12.024
12.443 12.022
12.443 12.021
12.443 12.019
12.441 12.019
12.44 12.018
12.437 12.016
12.435 12.016
12.431 12.015
12.428 12.015
12.423 12.013
12.419 12.013
12.414 12.013
12.408 12.012
12.403 12.012
12.397 12.012
12.391 12.01
12.385 12.01
12.378 12.01
12.372 12.009
12.364 12.009
12.357 12.009
12.351 12.009
12.343 12.009
12.335 12.007
12.328 12.007
12.319 12.007
12.311 12.007
12.304 12.006
12.296 12.006
12.287 12.006
12.279 12.006
12.272 12.004
12.263 12.004
12.255 12.004
12.248 12.003
12.239 12.003
12.231 12.003
12.224 12.001
12.216 12.001
12.208 12.0
12.202 12.0
12.195 12.0
12.189 11.998
12.184 11.998
12.178 11.997
12.174 11.997
12.169 11.995
12.166 11.993
12.163 11.993
12.16 11.992
12.157 11.992
12.155 11.99
12.155 11.989
12.155 11.989
12.155 11.987
12.158 11.986
12.16 11.984
12.163 11.984
12.168 11.983
12.174 11.981
12.178 11.98
12.186 11.978
12.193 11.977
12.202 11.977
12.211 11.975
12.221 11.974
12.231 11.972
12.242 11.971
12.252 11.969
12.264 11.968
12.275 11.966
12.287 11.966
12.298 11.965
12.31 11.963
12.32 11.962
12.331 11.96
12.343 11.959
12.354 11.959
12.364 11.957
12.375 11.956
12.385 11.954
12.396 11.954
12.405 11.953
12.416 11.951
12.423 11.951
12.432 11.95
12.441 11.95
12.449 11.948
12.456 11.948
12.462 11.947
12.468 11.947
12.474 11.947
12.479 11.945
12.485 11.945
12.488 11.945
12.493 11.945
12.496 11.945
12.499 11.945
12.5 11.943
12.503 11.943
12.503 11.943
12.505 11.943
12.505 11.945
12.505 11.945
12.505 11.945
12.503 11.945
12.502 11.945
12.5 11.945
12.497 11.945
12.496 11.947
12.493 11.947
12.488 11.947
12.485 11.948
12.482 11.948
12.477 11.948
12.473 11.95
12.467 11.95
12.462 11.95
12.456 11.951
12.45 11.951
12.444 11.951
12.438 11.953
12.431 11.953
12.425 11.953
12.417 11.954
12.409 11.954
12.402 11.954
12.394 11.956
12.387 11.956
12.379 11.956
12.372 11.957
12.363 11.957
12.355 11.957
12.348 11.959
12.338 11.959
12.331 11.959
12.323 11.959
12.317 11.959
12.31 11.96
12.304 11.96
12.298 11.96
12.293 11.96
12.287 11.96
12.283 11.96
12.279 11.96
12.275 11.96
12.273 11.96
12.27 11.96
12.269 11.96
12.269 11.96
12.269 11.96
12.27 11.96
12.272 11.959
12.275 11.959
12.279 11.959
12.284 11.959
12.29 11.959
12.298 11.957
12.305 11.957
12.314 11.957
12.325 11.956
12.334 11.956
12.346 11.956
12.358 11.954
12.372 11.954
12.385 11.954
12.399 11.953
12.412 11.953
12.428 11.951
12.441 11.951
12.456 11.951
12.47 11.95
12.483 11.95
12.499 11.95
12.512 11.948
12.526 11.948
12.539 11.948
12.553 11.948
12.565 11.947
12.577 11.947
12.589 11.947
12.6 11.947
12.61 11.947
12.619 11.947
12.628 11.947
12.636 11.947
12.644 11.947
12.65 11.947
12.656 11.947
12.66 11.947
12.663 11.948
12.666 11.948
12.669 11.948
12.671 11.948
12.671 11.95
12.671 11.95
12.669 11.951
12.668 11.951
12.665 11.953
12.662 11.953
12.659 11.954
12.654 11.956
12.65 11.956
12.644 11.957
12.639 11.959
12.633 11.959
12.627 11.96
12.619 11.962
12.613 11.963
12.606 11.963
12.598 11.965
12.591 11.966
12.583 11.968
12.576 11.969
12.567 11.969
12.559 11.971
12.55 11.972
12.542 11.974
12.533 11.975
12.526 11.975
12.517 11.977
12.509 11.978
12.502 11.978
12.493 11.98
12.485 11.981
12.477 11.981
12.47 11.983
12.462 11.984
12.455 11.984
12.447 11.986
12.441 11.986
12.434 11.987
12.428 11.987
12.422 11.989
12.416 11.989
12.409 11.989
12.405 11.99
12.399 11.99
12.394 11.99
12.39 11.992
12.385 11.992
12.381 11.992
12.376 11.992
12.373 11.992
12.369 11.992
12.366 11.993
12.363 11.993
12.36 11.993
12.357 11.993
12.355 11.993
12.354 11.993
12.352 11.992
12.351 11.992
12.351 11.992
12.349 11.992
12.351 11.992
12.351 11.992
12.352 11.992
12.354 11.99
12.357 11.99
12.36 11.99
12.364 11.99
12.369 11.99
12.375 11.989
12.381 11.989
12.387 11.989
12.394 11.987
12.402 11.987
12.412 11.987
12.422 11.987
12.431 11.986
12.44 11.986
12.449 11.986
12.459 11.984
12.47 11.984
12.479 11.984
12.488 11.983
12.499 11.983
12.508 11.983
12.517 11.983
12.524 11.981
12.533 11.981
12.541 11.981
12.548 11.981
12.556 11.981
12.562 11.981
12.568 11.98
12.573 11.98
12.579 11.98
12.582 11.98
12.586 11.98
12.589 11.98
12.592 11.98
12.594 11.98
12.597 11.98
12.597 11.981
12.598 11.981
12.6 11.981
12.6 11.981
12.598 11.981
12.598 11.983
12.597 11.983
12.595 11.983
12.594 11.984
12.592 11.984
12.589 11.984
12.586 11.986
12.583 11.986
12.58 11.987
12.576 11.987
12.571 11.987
12.567 11.989
12.562 11.989
12.556 11.99
12.55 11.99
12.544 11.992
12.538 11.992
12.532 11.993
12.524 11.993
12.517 11.995
12.511 11.995
12.503 11.997
12.494 11.997
12.487 11.997
12.479 11.998
12.47 11.998
12.462 12.0
12.455 12.0
12.447 12.001
12.44 12.001
12.432 12.001
12.425 12.003
12.419 12.003
12.412 12.003
12.406 12.004
12.4 12.004
12.396 12.004
12.391 12.004
12.388 12.006
12.385 12.006
12.384 12.006
12.382 12.006
12.381 12.006
12.382 12.006
12.384 12.006
12.387 12.006
12.39 12.006
12.394 12.006
12.4 12.006
12.406 12.006
12.414 12.006
12.417 12.006
12.431 12.006
