6.980524590163935
6.971049180327869
6.961573770491803
6.952098360655738
6.942622950819673
6.933147540983607
6.9236721311475415
6.914196721311476
6.90472131147541
6.895245901639345
6.885770491803279
6.876295081967213
6.866819672131148
6.857344262295082
6.847868852459016
6.838393442622951
6.828918032786885
6.819442622950819
6.809967213114754
6.800491803278688
6.791016393442622
6.781540983606558
6.772065573770492
6.762590163934426
6.753114754098361
6.743639344262295
6.734163934426229
6.724688524590164
6.715213114754098
6.7057377049180324
